A	C	D	E	F	G	H	I	K	L	M	N	P	Q	R	S	T	V	W	Y	O
4.35 	4.38 	4.75 	4.76 	4.65 	4.37 	4.29 	3.97 	4.63 	3.95 	4.17 	4.36 	4.52 	4.66 	4.44 	4.50 	4.35 	4.70 	4.60 	3.95 	0.00 
0.61 	0.60 	0.06 	0.46 	1.07 	0.00 	0.47 	0.07 	0.61 	2.22 	1.53 	1.15 	1.18 	2.02 	1.95 	0.05 	0.05 	2.65 	1.88 	1.32 	0.00 
1.18 	0.20 	0.23 	0.05 	1.89 	0.72 	0.11 	0.49 	0.31 	1.45 	3.23 	0.06 	2.67 	1.96 	0.76 	0.97 	0.84 	0.77 	0.39 	1.08 	0.00 
1.56 	0.45 	0.27 	0.14 	1.23 	0.51 	0.23 	0.62 	0.29 	1.67 	2.93 	0.15 	2.96 	2.03 	0.76 	0.81 	0.91 	1.08 	0.68 	1.14 	0.00 
1.00 	0.52 	0.35 	0.44 	0.06 	0.44 	0.73 	0.35 	0.60 	0.73 	1.00 	0.60 	1.00 	0.60 	0.06 	0.35 	0.44 	0.73 	0.44 	0.82 	0.00 
0.77 	0.72 	0.55 	0.65 	0.65 	0.72 	0.55 	0.65 	0.83 	0.98 	0.83 	0.55 	0.98 	0.98 	0.55 	0.55 	0.83 	0.77 	0.83 	0.98 	0.00 
0.37 	0.84 	0.97 	0.97 	0.84 	0.64 	0.53 	0.97 	0.75 	0.37 	0.53 	0.75 	0.64 	0.53 	0.97 	0.84 	0.75 	0.97 	0.84 	0.37 	0.00 
0.36 	0.53 	0.46 	0.51 	0.35 	0.49 	0.50 	0.54 	0.32 	0.46 	0.37 	0.47 	0.30 	0.31 	0.51 	0.51 	0.44 	0.31 	0.42 	0.39 	0.00 
52.60 	109.10 	75.70 	68.40 	68.30 	89.70 	84.70 	36.30 	91.90 	102.00 	102.00 	105.10 	97.70 	113.90 	73.60 	54.90 	71.20 	135.40 	116.20 	85.10 	0.00 
16.00 	-70.00 	-74.00 	-78.00 	168.00 	-73.00 	-106.00 	-13.00 	50.00 	151.00 	145.00 	-141.00 	124.00 	189.00 	-20.00 	-70.00 	-38.00 	145.00 	53.00 	123.00 	0.00 
44.00 	-68.00 	-72.00 	-91.00 	90.00 	-117.00 	-139.00 	-8.00 	47.00 	100.00 	108.00 	-188.00 	121.00 	148.00 	-36.00 	-60.00 	-54.00 	163.00 	22.00 	117.00 	0.00 
7.30 	-3.60 	-5.70 	-2.90 	-9.20 	-0.30 	-7.10 	-1.20 	-2.10 	6.60 	20.00 	-3.70 	5.60 	19.20 	5.10 	-4.10 	0.80 	16.30 	5.90 	3.50 	0.00 
3.90 	3.20 	-2.80 	-2.80 	-14.30 	1.80 	-7.50 	-2.30 	2.00 	11.00 	15.00 	-2.50 	4.10 	14.70 	5.60 	-3.50 	1.10 	17.80 	3.80 	2.10 	0.00 
-0.20 	-0.12 	0.08 	-0.20 	-0.45 	0.16 	-0.30 	0.00 	-0.12 	-2.26 	-2.46 	-0.35 	-1.47 	-2.33 	-0.98 	-0.39 	-0.52 	-2.01 	-2.24 	-1.56 	0.00 
0.69 	0.73 	0.60 	0.56 	0.62 	0.65 	0.63 	0.59 	0.65 	0.81 	0.84 	0.77 	0.71 	0.76 	0.73 	0.59 	0.66 	0.74 	0.74 	0.78 	0.00 
8.25 	8.27 	8.75 	8.41 	8.31 	8.41 	8.37 	8.39 	8.42 	8.20 	8.42 	8.41 	8.42 	8.23 	0.00 	8.38 	8.24 	8.09 	8.18 	8.44 	0.00 
4.35 	4.40 	4.76 	4.77 	4.69 	4.37 	4.30 	3.97 	4.63 	4.22 	4.39 	4.36 	4.51 	4.66 	4.47 	4.50 	4.35 	4.70 	4.60 	4.18 	0.00 
6.50 	6.90 	7.50 	7.00 	7.70 	6.00 	7.00 	5.60 	8.00 	7.00 	6.50 	6.50 	0.00 	9.40 	0.00 	6.50 	6.90 	0.00 	6.80 	7.00 	0.00 
0.49 	0.26 	0.19 	0.29 	0.20 	0.42 	0.54 	0.12 	0.40 	0.37 	0.42 	0.40 	0.42 	0.32 	0.21 	0.20 	0.27 	0.46 	0.16 	0.38 	0.00 
0.29 	0.36 	0.23 	0.27 	0.53 	0.33 	0.26 	0.31 	0.20 	0.41 	0.40 	0.27 	0.38 	0.32 	0.34 	0.35 	0.39 	0.23 	0.43 	0.50 	0.00 
0.52 	0.68 	0.76 	0.76 	0.62 	0.68 	0.68 	0.00 	0.70 	1.02 	0.98 	0.68 	0.78 	0.70 	0.36 	0.53 	0.50 	0.70 	0.70 	0.76 	0.00 
0.05 	0.29 	0.13 	0.11 	0.13 	0.18 	0.15 	0.00 	0.23 	0.19 	0.19 	0.22 	0.22 	0.29 	0.13 	0.06 	0.11 	0.41 	0.30 	0.14 	0.00 
-0.37 	-1.03 	0.00 	2.06 	4.53 	0.73 	1.77 	-0.53 	0.00 	0.79 	1.07 	0.00 	0.66 	1.06 	-2.24 	-0.52 	0.00 	1.60 	4.91 	0.40 	0.00 
0.71 	1.06 	1.37 	1.21 	1.19 	0.87 	0.84 	1.52 	1.07 	0.66 	0.69 	0.99 	0.59 	0.71 	1.61 	1.34 	1.08 	0.76 	1.07 	0.63 	0.00 
-0.12 	0.12 	0.29 	0.05 	0.08 	-0.11 	-0.25 	0.10 	0.14 	0.23 	-0.05 	0.03 	-0.26 	0.02 	0.00 	0.23 	0.17 	0.16 	0.09 	0.51 	0.00 
0.00 	1.00 	1.00 	1.00 	1.00 	1.00 	1.00 	0.00 	1.00 	2.00 	1.00 	1.00 	1.00 	1.00 	0.00 	1.00 	2.00 	1.00 	1.00 	2.00 	0.00 
0.00 	1.00 	1.00 	1.00 	0.00 	1.00 	1.00 	0.00 	1.00 	1.00 	2.00 	1.00 	1.00 	1.00 	0.00 	0.00 	0.00 	1.00 	1.00 	0.00 	0.00 
0.00 	1.00 	0.00 	0.00 	0.00 	1.00 	1.00 	0.00 	1.00 	0.00 	0.00 	1.00 	1.00 	1.00 	0.00 	0.00 	0.00 	1.50 	1.00 	0.00 	0.00 
0.00 	5.00 	2.00 	2.00 	1.00 	3.00 	3.00 	0.00 	3.00 	2.00 	2.00 	4.00 	3.00 	4.00 	0.00 	1.00 	1.00 	5.00 	5.00 	1.00 	0.00 
0.00 	0.00 	1.00 	1.00 	0.00 	0.00 	1.00 	1.00 	0.00 	0.00 	0.00 	0.00 	0.00 	0.00 	0.00 	0.00 	0.00 	0.00 	0.00 	0.00 	0.00 
0.00 	1.00 	1.00 	0.00 	1.00 	1.00 	0.00 	0.00 	1.00 	0.00 	0.00 	1.00 	1.00 	1.00 	0.00 	0.00 	0.00 	1.00 	1.00 	0.00 	0.00 
91.50 	202.00 	135.20 	124.50 	117.70 	161.10 	155.10 	66.40 	167.30 	168.80 	167.90 	171.30 	170.80 	203.40 	129.30 	99.10 	122.10 	237.60 	203.60 	141.70 	0.00 
115.00 	225.00 	160.00 	150.00 	135.00 	180.00 	190.00 	75.00 	195.00 	175.00 	170.00 	200.00 	185.00 	210.00 	145.00 	115.00 	140.00 	255.00 	230.00 	155.00 	0.00 
25.00 	90.00 	63.00 	50.00 	19.00 	71.00 	49.00 	23.00 	43.00 	18.00 	23.00 	97.00 	31.00 	24.00 	50.00 	44.00 	47.00 	32.00 	60.00 	18.00 	0.00 
0.38 	0.01 	0.12 	0.15 	0.45 	0.07 	0.18 	0.36 	0.17 	0.60 	0.45 	0.03 	0.40 	0.50 	0.18 	0.22 	0.23 	0.27 	0.15 	0.54 	0.00 
0.20 	0.00 	0.03 	0.04 	0.22 	0.01 	0.03 	0.18 	0.02 	0.19 	0.16 	0.00 	0.11 	0.14 	0.04 	0.08 	0.08 	0.04 	0.03 	0.18 	0.00 
0.66 	0.95 	1.56 	1.46 	1.19 	0.98 	0.74 	1.56 	0.95 	0.47 	0.59 	1.01 	0.60 	0.60 	1.52 	1.43 	0.96 	0.96 	1.14 	0.50 	0.00 
1.42 	0.98 	0.67 	1.01 	0.70 	1.11 	1.51 	0.57 	1.00 	1.08 	1.21 	1.16 	1.45 	1.13 	0.57 	0.77 	0.83 	1.08 	0.69 	1.06 	0.00 
0.83 	0.93 	0.89 	0.54 	1.19 	1.10 	0.37 	0.75 	0.87 	1.60 	1.30 	0.74 	1.05 	1.38 	0.55 	0.75 	1.19 	1.37 	1.47 	1.70 	0.00 
0.74 	1.01 	1.46 	1.52 	0.96 	0.96 	0.95 	1.56 	0.95 	0.47 	0.50 	1.19 	0.60 	0.66 	1.56 	1.43 	0.98 	0.60 	1.14 	0.59 	0.00 
1.29 	0.44 	0.81 	2.02 	0.66 	1.22 	2.44 	0.76 	0.73 	0.67 	0.58 	0.66 	0.71 	0.61 	2.01 	0.74 	1.08 	1.47 	0.68 	0.61 	0.00 
1.20 	1.25 	0.59 	0.61 	1.11 	1.22 	1.24 	0.42 	1.77 	0.98 	1.13 	1.83 	1.57 	1.10 	0.00 	0.96 	0.75 	0.40 	0.73 	1.25 	0.00 
0.70 	0.34 	1.42 	0.98 	0.65 	0.75 	1.04 	1.41 	1.22 	0.78 	0.85 	1.01 	0.83 	0.93 	1.10 	1.55 	1.09 	0.62 	0.99 	0.75 	0.00 
0.52 	1.24 	1.64 	1.06 	0.94 	0.70 	0.59 	1.64 	1.86 	0.87 	0.84 	1.49 	0.52 	1.04 	1.58 	0.93 	0.86 	0.16 	0.96 	0.32 	0.00 
0.86 	0.90 	0.66 	0.38 	0.87 	1.65 	0.35 	0.63 	0.54 	1.94 	1.30 	1.00 	1.43 	1.50 	0.66 	0.63 	1.17 	1.49 	1.07 	1.69 	0.00 
0.75 	0.90 	1.21 	0.85 	1.11 	0.65 	0.55 	0.74 	0.90 	1.35 	1.27 	0.74 	0.95 	1.50 	0.40 	0.79 	0.75 	1.19 	1.96 	1.79 	0.00 
0.67 	0.89 	1.86 	1.39 	1.34 	1.09 	0.92 	1.46 	0.78 	0.59 	0.46 	1.09 	0.52 	0.30 	1.58 	1.41 	1.09 	0.48 	1.23 	0.42 	0.00 
0.74 	1.05 	1.13 	1.32 	0.53 	0.77 	0.85 	1.68 	0.96 	0.53 	0.59 	0.82 	0.85 	0.44 	1.69 	1.49 	1.16 	1.59 	1.01 	0.59 	0.00 
0.06 	0.07 	0.16 	0.15 	0.15 	0.07 	0.06 	0.10 	0.14 	0.04 	0.06 	0.06 	0.07 	0.06 	0.10 	0.12 	0.09 	0.08 	0.08 	0.06 	0.00 
0.08 	0.11 	0.08 	0.11 	0.05 	0.10 	0.06 	0.09 	0.05 	0.03 	0.03 	0.12 	0.08 	0.04 	0.30 	0.14 	0.11 	0.01 	0.07 	0.05 	0.00 
0.04 	0.10 	0.19 	0.18 	0.12 	0.04 	0.08 	0.19 	0.09 	0.01 	0.04 	0.07 	0.01 	0.07 	0.03 	0.13 	0.07 	0.06 	0.11 	0.03 	0.00 
0.06 	0.09 	0.09 	0.08 	0.13 	0.10 	0.06 	0.15 	0.05 	0.06 	0.07 	0.10 	0.06 	0.07 	0.07 	0.11 	0.08 	0.17 	0.13 	0.05 	0.00 
0.64 	1.05 	1.56 	1.61 	0.92 	0.84 	0.80 	1.63 	0.77 	0.29 	0.36 	1.13 	0.51 	0.62 	2.04 	1.52 	0.98 	0.48 	1.08 	0.43 	0.00 
-0.45 	-0.24 	-0.20 	-1.52 	0.79 	-0.99 	-0.80 	-1.00 	1.07 	0.76 	1.29 	-0.36 	1.37 	1.48 	-0.12 	-0.98 	-0.70 	1.38 	1.49 	1.26 	0.00 
-0.08 	-0.09 	-0.70 	-0.71 	0.76 	-0.40 	-1.31 	-0.84 	0.43 	1.39 	1.24 	-0.09 	1.27 	1.53 	-0.01 	-0.93 	-0.59 	2.25 	1.53 	1.09 	0.00 
0.36 	-0.52 	-0.90 	-1.09 	0.70 	-1.05 	-0.83 	-0.82 	0.16 	2.17 	1.18 	-0.56 	1.21 	1.01 	-0.06 	-0.60 	-1.20 	1.31 	1.05 	1.21 	0.00 
0.17 	-0.70 	-0.90 	-1.05 	1.24 	-1.20 	-1.19 	-0.57 	-0.25 	2.06 	0.96 	-0.62 	0.60 	1.29 	-0.21 	-0.83 	-0.62 	1.51 	0.66 	1.21 	0.00 
0.02 	-0.42 	-0.77 	-1.04 	0.77 	-1.10 	-1.14 	-0.80 	0.26 	1.81 	1.14 	-0.41 	1.00 	1.35 	-0.09 	-0.97 	-0.77 	1.71 	1.11 	1.13 	0.00 
0.75 	0.70 	0.61 	0.60 	0.61 	0.67 	0.66 	0.64 	0.67 	0.90 	0.90 	0.82 	0.75 	0.77 	0.76 	0.68 	0.70 	0.74 	0.71 	0.86 	0.00 
1.33 	0.79 	0.72 	0.97 	0.93 	1.42 	1.66 	0.58 	1.49 	0.99 	1.29 	1.03 	1.40 	1.15 	0.49 	0.83 	0.94 	1.33 	0.49 	0.96 	0.00 
1.00 	0.74 	0.75 	0.89 	0.99 	0.87 	0.37 	0.56 	0.36 	1.75 	1.53 	1.18 	1.40 	1.26 	0.36 	0.65 	1.15 	0.84 	1.41 	1.61 	0.00 
0.60 	0.79 	1.42 	1.24 	1.29 	0.92 	0.64 	1.38 	0.95 	0.67 	0.70 	1.10 	0.67 	1.05 	1.47 	1.26 	1.05 	1.23 	1.35 	0.48 	0.00 
2.50 	7.50 	5.00 	2.50 	3.00 	6.00 	5.00 	0.50 	6.00 	5.50 	5.50 	7.00 	6.00 	6.50 	5.50 	3.00 	5.00 	7.00 	7.00 	5.00 	0.00 
8.60 	4.90 	4.30 	5.50 	2.90 	3.90 	6.00 	8.40 	2.00 	4.50 	7.40 	6.60 	1.70 	3.60 	5.20 	7.00 	6.10 	1.30 	3.40 	6.60 	0.00 
100.00 	65.00 	134.00 	106.00 	20.00 	93.00 	102.00 	49.00 	66.00 	96.00 	40.00 	56.00 	94.00 	41.00 	56.00 	120.00 	97.00 	18.00 	41.00 	74.00 	0.00 
1.56 	0.59 	0.51 	0.23 	1.80 	0.39 	0.19 	1.03 	1.00 	1.27 	1.38 	0.15 	1.93 	1.42 	0.27 	0.96 	1.11 	0.91 	1.10 	1.58 	0.00 
1.26 	0.38 	0.59 	0.27 	1.60 	0.39 	0.23 	1.08 	1.00 	1.44 	1.36 	0.33 	1.52 	1.46 	0.54 	0.98 	1.01 	1.06 	0.89 	1.33 	0.00 
0.25 	-1.76 	-0.64 	-0.72 	0.04 	-0.69 	-0.62 	0.16 	-0.40 	0.73 	0.53 	-1.10 	0.26 	0.61 	-0.07 	-0.26 	-0.18 	0.37 	0.02 	0.54 	0.00 
0.67 	-2.10 	-0.60 	-1.20 	0.38 	-0.22 	-0.76 	0.00 	0.64 	1.90 	1.90 	-0.57 	2.40 	2.30 	1.20 	0.01 	0.52 	2.60 	1.60 	1.50 	0.00 
0.00 	10.00 	1.30 	1.90 	0.17 	1.90 	3.00 	0.00 	0.99 	1.20 	1.00 	5.70 	1.90 	1.10 	0.18 	0.73 	1.50 	1.60 	1.80 	0.48 	0.00 
0.00 	-0.96 	-0.86 	-0.98 	0.76 	-1.00 	-0.89 	0.00 	-0.75 	0.99 	0.89 	-0.99 	0.94 	0.92 	0.22 	-0.67 	0.09 	0.67 	-0.93 	0.84 	0.00 
89.09 	174.20 	132.12 	133.10 	121.15 	146.15 	147.13 	75.07 	155.16 	131.17 	131.17 	146.19 	149.21 	165.19 	115.13 	105.09 	119.12 	204.24 	181.19 	117.15 	0.00 
297.00 	238.00 	236.00 	270.00 	178.00 	185.00 	249.00 	290.00 	277.00 	284.00 	337.00 	224.00 	283.00 	284.00 	222.00 	228.00 	253.00 	282.00 	344.00 	293.00 	0.00 
1.80 	12.50 	-5.60 	5.05 	-16.50 	6.30 	12.00 	0.00 	-38.50 	12.40 	-11.00 	14.60 	-10.00 	-34.50 	-86.20 	-7.50 	-28.00 	-33.70 	-10.00 	5.63 	0.00 
9.69 	8.99 	8.80 	9.60 	8.35 	9.13 	9.67 	9.78 	9.17 	9.68 	9.60 	9.18 	9.21 	9.18 	10.64 	9.21 	9.10 	9.44 	9.11 	9.62 	0.00 
2.34 	1.82 	2.02 	1.88 	1.92 	2.17 	2.10 	2.35 	1.82 	2.36 	2.36 	2.16 	2.28 	2.16 	1.95 	2.19 	2.09 	2.43 	2.20 	2.32 	0.00 
0.31 	-1.01 	-0.60 	-0.77 	1.54 	-0.22 	-0.64 	0.00 	0.13 	1.80 	1.70 	-0.99 	1.23 	1.79 	0.72 	-0.04 	0.26 	2.25 	0.96 	1.22 	0.00 
1.28 	2.34 	1.60 	1.60 	1.77 	1.56 	1.56 	0.00 	2.99 	4.19 	2.59 	1.89 	2.35 	2.94 	2.67 	1.31 	3.03 	3.21 	2.94 	3.67 	0.00 
0.53 	0.69 	0.58 	0.59 	0.66 	0.71 	0.72 	0.00 	0.64 	0.96 	0.92 	0.78 	0.77 	0.71 	0.00 	0.55 	0.63 	0.84 	0.71 	0.89 	0.00 
1.00 	6.13 	2.95 	2.78 	2.43 	3.95 	3.78 	0.00 	4.66 	4.00 	4.00 	4.77 	4.43 	5.89 	2.72 	1.60 	2.60 	8.08 	6.47 	3.00 	0.00 
2.87 	7.82 	4.58 	4.74 	4.47 	6.11 	5.97 	2.06 	5.23 	4.92 	4.92 	6.89 	6.36 	4.62 	4.11 	3.97 	4.11 	7.68 	4.73 	4.11 	0.00 
1.52 	1.52 	1.52 	1.52 	1.52 	1.52 	1.52 	1.00 	1.52 	1.90 	1.52 	1.52 	1.52 	1.52 	1.52 	1.52 	1.73 	1.52 	1.52 	1.90 	0.00 
2.04 	6.24 	4.37 	3.78 	3.41 	3.53 	3.31 	1.00 	5.66 	3.49 	4.45 	4.87 	4.80 	6.02 	4.31 	2.70 	3.17 	5.90 	6.72 	3.17 	0.00 
7.30 	11.10 	8.00 	9.20 	14.40 	10.60 	11.40 	0.00 	10.20 	16.10 	10.10 	10.90 	10.40 	13.90 	17.80 	13.10 	16.70 	13.20 	13.90 	17.20 	0.00 
-0.01 	0.04 	0.06 	0.15 	0.12 	0.05 	0.07 	0.00 	0.08 	-0.01 	-0.01 	0.00 	0.04 	0.03 	0.00 	0.11 	0.04 	0.00 	0.03 	0.01 	0.00 
0.00 	4.00 	2.00 	1.00 	0.00 	2.00 	1.00 	0.00 	1.00 	0.00 	0.00 	2.00 	0.00 	0.00 	0.00 	1.00 	1.00 	1.00 	1.00 	0.00 	0.00 
0.00 	3.00 	3.00 	4.00 	0.00 	3.00 	4.00 	0.00 	1.00 	0.00 	0.00 	1.00 	0.00 	0.00 	0.00 	2.00 	2.00 	0.00 	2.00 	0.00 	0.00 
0.00 	1.00 	0.00 	0.00 	0.00 	0.00 	0.00 	0.00 	1.00 	0.00 	0.00 	1.00 	0.00 	0.00 	0.00 	0.00 	0.00 	0.00 	0.00 	0.00 	0.00 
0.00 	0.00 	0.00 	1.00 	0.00 	0.00 	1.00 	0.00 	0.00 	0.00 	0.00 	0.00 	0.00 	0.00 	0.00 	0.00 	0.00 	0.00 	0.00 	0.00 	0.00 
4.76 	4.30 	3.64 	5.69 	3.67 	4.54 	5.48 	3.77 	2.84 	4.81 	4.79 	4.27 	4.25 	4.31 	0.00 	3.83 	3.87 	4.75 	4.30 	4.86 	0.00 
1.08 	1.05 	0.85 	0.85 	0.95 	0.95 	1.15 	0.55 	1.00 	1.05 	1.25 	1.15 	1.15 	1.10 	0.71 	0.75 	0.75 	1.10 	1.10 	0.95 	0.00 
1.00 	0.70 	1.70 	3.20 	1.00 	1.00 	1.70 	1.00 	1.00 	0.60 	1.00 	0.70 	1.00 	1.00 	1.00 	1.70 	1.70 	1.00 	1.00 	0.60 	0.00 
1.00 	0.70 	1.00 	1.70 	1.00 	1.00 	1.70 	1.30 	1.00 	1.00 	1.00 	0.70 	1.00 	1.00 	13.00 	1.00 	1.00 	1.00 	1.00 	1.00 	0.00 
1.20 	1.70 	1.20 	0.70 	1.00 	1.00 	0.70 	0.80 	1.20 	0.80 	1.00 	1.70 	1.00 	1.00 	1.00 	1.50 	1.00 	1.00 	1.00 	0.80 	0.00 
1.00 	1.70 	1.00 	0.70 	1.00 	1.00 	0.70 	1.50 	1.00 	1.00 	1.00 	1.70 	1.00 	1.00 	0.10 	1.00 	1.00 	1.00 	1.00 	1.00 	0.00 
0.28 	0.10 	0.25 	0.21 	0.28 	0.35 	0.33 	0.17 	0.21 	0.82 	1.00 	0.09 	0.74 	2.18 	0.39 	0.12 	0.21 	5.70 	1.26 	0.60 	0.00 
1.29 	1.00 	0.81 	1.10 	0.79 	1.07 	1.49 	0.63 	1.33 	1.05 	1.31 	1.33 	1.54 	1.13 	0.63 	0.78 	0.77 	1.18 	0.71 	0.81 	0.00 
1.13 	1.09 	1.06 	0.94 	1.32 	0.93 	1.20 	0.83 	1.09 	1.05 	1.13 	1.08 	1.23 	1.01 	0.82 	1.01 	1.17 	1.32 	0.88 	1.13 	0.00 
1.55 	0.20 	1.20 	1.55 	1.44 	1.13 	1.67 	0.59 	1.21 	1.27 	1.25 	1.20 	1.37 	0.40 	0.21 	1.01 	0.55 	1.86 	1.08 	0.64 	0.00 
1.19 	1.00 	0.94 	1.07 	0.95 	1.32 	1.64 	0.60 	1.03 	1.12 	1.18 	1.27 	1.49 	1.02 	0.68 	0.81 	0.85 	1.18 	0.77 	0.74 	0.00 
0.84 	1.04 	0.66 	0.59 	1.27 	1.02 	0.57 	0.94 	0.81 	1.29 	1.10 	0.86 	0.88 	1.15 	0.80 	1.05 	1.20 	1.15 	1.39 	1.56 	0.00 
0.86 	1.15 	0.60 	0.66 	0.91 	1.11 	0.37 	0.86 	1.07 	1.17 	1.28 	1.01 	1.15 	1.34 	0.61 	0.91 	1.14 	1.13 	1.37 	1.31 	0.00 
0.91 	0.99 	0.72 	0.74 	1.12 	0.90 	0.41 	0.91 	1.01 	1.29 	1.23 	0.86 	0.96 	1.26 	0.65 	0.93 	1.05 	1.15 	1.21 	1.58 	0.00 
0.91 	1.00 	1.64 	1.40 	0.93 	0.94 	0.97 	1.51 	0.90 	0.65 	0.59 	0.82 	0.58 	0.72 	1.66 	1.23 	1.04 	0.67 	0.92 	0.60 	0.00 
0.80 	0.96 	1.10 	1.60 	0.00 	1.60 	0.40 	2.00 	0.96 	0.85 	0.80 	0.94 	0.39 	1.20 	2.10 	1.30 	0.60 	0.00 	1.80 	0.80 	0.00 
1.10 	0.93 	1.57 	1.41 	1.05 	0.81 	1.40 	1.30 	0.85 	0.67 	0.52 	0.94 	0.69 	0.60 	1.77 	1.13 	0.88 	0.62 	0.41 	0.58 	0.00 
0.93 	1.01 	1.36 	1.22 	0.92 	0.83 	1.05 	1.45 	0.96 	0.58 	0.59 	0.91 	0.60 	0.71 	1.67 	1.25 	1.08 	0.68 	0.98 	0.62 	0.00 
0.75 	0.75 	0.69 	0.00 	1.00 	0.59 	0.00 	0.00 	0.00 	2.95 	2.40 	1.50 	1.30 	2.65 	2.60 	0.00 	0.45 	3.00 	2.85 	1.70 	0.00 
88.30 	181.20 	125.10 	110.80 	112.40 	148.70 	140.50 	60.00 	152.60 	168.50 	168.50 	175.60 	162.20 	189.00 	122.20 	88.70 	118.20 	227.00 	193.00 	141.40 	0.00 
0.00 	0.65 	1.33 	1.38 	2.75 	0.89 	0.92 	0.74 	0.58 	0.00 	0.00 	0.33 	0.00 	0.00 	0.39 	1.42 	0.71 	0.13 	0.20 	0.00 	0.00 
8.10 	10.50 	11.60 	13.00 	5.50 	10.50 	12.30 	9.00 	10.40 	5.20 	4.90 	11.30 	5.70 	5.20 	8.00 	9.20 	8.60 	5.40 	6.20 	5.90 	0.00 
31.00 	124.00 	56.00 	54.00 	55.00 	85.00 	83.00 	3.00 	96.00 	111.00 	111.00 	119.00 	105.00 	132.00 	32.50 	32.00 	61.00 	170.00 	136.00 	84.00 	0.00 
0.10 	1.91 	0.48 	0.78 	-1.42 	0.95 	0.83 	0.33 	-0.50 	-1.13 	-1.18 	1.40 	-1.59 	-2.12 	0.73 	0.52 	0.07 	-0.51 	-0.21 	-1.27 	0.00 
1.00 	2.30 	2.20 	6.50 	0.10 	2.10 	6.20 	1.10 	2.80 	0.80 	0.80 	5.30 	0.70 	1.40 	0.90 	1.70 	1.50 	1.90 	2.10 	0.90 	0.00 
-0.50 	3.00 	0.20 	3.00 	-1.00 	0.20 	3.00 	0.00 	-0.50 	-1.80 	-1.80 	3.00 	-1.30 	-2.50 	0.00 	0.30 	-0.40 	-3.40 	-2.30 	-1.50 	0.00 
29.22 	26.37 	38.30 	37.09 	50.70 	44.02 	41.84 	23.71 	59.64 	45.00 	48.03 	57.10 	69.32 	48.52 	36.13 	32.40 	35.20 	56.92 	51.73 	40.35 	0.00 
30.88 	68.43 	41.70 	40.66 	53.83 	46.62 	44.98 	24.74 	65.99 	49.71 	50.62 	63.21 	55.32 	51.06 	39.21 	35.65 	36.50 	60.00 	51.15 	42.75 	0.00 
154.33 	341.01 	207.90 	194.91 	219.79 	235.51 	223.16 	127.90 	242.54 	233.21 	232.30 	300.46 	202.65 	204.74 	179.93 	174.06 	205.80 	237.01 	229.15 	207.60 	0.00 
1.53 	1.17 	0.60 	1.00 	0.89 	1.27 	1.63 	0.44 	1.03 	1.07 	1.32 	1.26 	1.66 	1.22 	0.25 	0.65 	0.86 	1.05 	0.70 	0.93 	0.00 
0.86 	0.98 	0.74 	0.69 	1.39 	0.89 	0.66 	0.70 	1.06 	1.31 	1.01 	0.77 	1.06 	1.16 	1.16 	1.09 	1.24 	1.17 	1.28 	1.40 	0.00 
0.78 	1.06 	1.56 	1.50 	0.60 	0.78 	0.97 	1.73 	0.83 	0.40 	0.57 	1.01 	0.30 	0.67 	1.55 	1.19 	1.09 	0.74 	1.14 	0.44 	0.00 
1.09 	0.97 	1.14 	0.77 	0.50 	0.83 	0.92 	1.25 	0.67 	0.66 	0.44 	1.25 	0.45 	0.50 	2.96 	1.21 	1.33 	0.62 	0.94 	0.56 	0.00 
0.35 	0.75 	2.12 	2.16 	0.50 	0.73 	0.65 	2.40 	1.19 	0.12 	0.58 	0.83 	0.22 	0.89 	0.43 	1.24 	0.85 	0.62 	1.44 	0.43 	0.00 
1.09 	1.07 	0.88 	1.24 	1.04 	1.09 	1.14 	0.27 	1.07 	0.97 	1.30 	1.20 	0.55 	0.80 	1.78 	1.20 	0.99 	1.03 	0.69 	0.77 	0.00 
1.34 	2.78 	0.92 	1.77 	1.44 	0.79 	2.54 	0.95 	0.00 	0.52 	1.05 	0.79 	0.00 	0.43 	0.37 	0.87 	1.14 	1.79 	0.73 	0.00 	0.00 
0.47 	0.52 	2.16 	1.15 	0.41 	0.95 	0.64 	3.03 	0.89 	0.62 	0.53 	0.98 	0.68 	0.61 	0.63 	1.03 	0.39 	0.63 	0.83 	0.76 	0.00 
27.80 	94.70 	60.10 	60.60 	15.50 	68.70 	68.20 	24.50 	50.70 	22.80 	27.60 	103.00 	33.50 	25.50 	51.50 	42.00 	45.00 	34.70 	55.20 	23.70 	0.00 
51.00 	5.00 	22.00 	19.00 	74.00 	16.00 	16.00 	52.00 	34.00 	66.00 	60.00 	3.00 	52.00 	58.00 	25.00 	35.00 	30.00 	49.00 	24.00 	64.00 	0.00 
15.00 	67.00 	49.00 	50.00 	5.00 	56.00 	55.00 	10.00 	34.00 	13.00 	16.00 	85.00 	20.00 	10.00 	45.00 	32.00 	32.00 	17.00 	41.00 	14.00 	0.00 
1.70 	0.10 	0.40 	0.40 	4.60 	0.30 	0.30 	1.80 	0.80 	3.10 	2.40 	0.05 	1.90 	2.20 	0.60 	0.80 	0.70 	1.60 	0.50 	2.90 	0.00 
0.30 	-1.40 	-0.50 	-0.60 	0.90 	-0.70 	-0.70 	0.30 	-0.10 	0.70 	0.50 	-1.80 	0.40 	0.50 	-0.30 	-0.10 	-0.20 	0.30 	-0.40 	0.60 	0.00 
0.87 	0.85 	0.09 	0.66 	1.52 	0.00 	0.67 	0.10 	0.87 	3.15 	2.17 	1.64 	1.67 	2.87 	2.77 	0.07 	0.07 	3.77 	2.67 	1.87 	0.00 
2.34 	1.18 	2.02 	2.01 	1.65 	2.17 	2.19 	2.34 	1.82 	2.36 	2.36 	2.18 	2.28 	1.83 	1.99 	2.21 	2.10 	2.38 	2.20 	2.32 	0.00 
0.08 	0.05 	0.04 	0.05 	0.02 	0.04 	0.06 	0.07 	0.02 	0.05 	0.09 	0.06 	0.02 	0.04 	0.05 	0.07 	0.06 	0.01 	0.03 	0.07 	0.00 
100.00 	83.00 	104.00 	86.00 	44.00 	84.00 	77.00 	50.00 	91.00 	103.00 	54.00 	72.00 	93.00 	51.00 	58.00 	117.00 	107.00 	25.00 	50.00 	98.00 	0.00 
5.30 	2.60 	3.00 	3.60 	1.30 	2.40 	3.30 	4.80 	1.40 	3.10 	4.70 	4.10 	1.10 	2.30 	2.50 	4.50 	3.70 	0.80 	2.30 	4.20 	0.00 
685.00 	382.00 	397.00 	400.00 	241.00 	313.00 	427.00 	707.00 	155.00 	394.00 	581.00 	575.00 	132.00 	303.00 	366.00 	593.00 	490.00 	99.00 	292.00 	553.00 	0.00 
1.36 	1.00 	0.89 	1.04 	0.82 	1.14 	1.48 	0.63 	1.11 	1.08 	1.21 	1.22 	1.45 	1.05 	0.52 	0.74 	0.81 	0.97 	0.79 	0.94 	0.00 
0.81 	0.85 	0.62 	0.71 	1.17 	0.98 	0.53 	0.88 	0.92 	1.48 	1.24 	0.77 	1.05 	1.20 	0.61 	0.92 	1.18 	1.18 	1.23 	1.66 	0.00 
1.45 	1.15 	0.64 	0.91 	0.70 	1.14 	1.29 	0.53 	1.13 	1.23 	1.56 	1.27 	1.83 	1.20 	0.21 	0.48 	0.77 	1.17 	0.74 	1.10 	0.00 
0.75 	0.79 	0.33 	0.31 	1.46 	0.75 	0.46 	0.83 	0.83 	1.87 	1.56 	0.66 	0.86 	1.37 	0.52 	0.82 	1.36 	0.79 	1.08 	2.00 	0.00 
1.04 	1.04 	1.12 	1.03 	0.96 	1.17 	1.09 	1.14 	0.98 	1.00 	0.97 	1.09 	0.95 	0.93 	1.06 	1.17 	1.07 	0.93 	0.96 	0.98 	0.00 
0.95 	1.03 	1.01 	1.09 	0.88 	1.03 	1.04 	1.04 	0.95 	0.89 	0.96 	1.08 	0.86 	0.91 	1.09 	1.05 	1.05 	0.92 	0.93 	0.93 	0.00 
0.89 	0.90 	0.93 	0.93 	0.93 	0.89 	0.93 	0.92 	0.89 	0.87 	0.92 	1.06 	0.80 	0.91 	0.93 	0.92 	0.93 	0.80 	0.84 	0.91 	0.00 
49.10 	133.00 	-3.60 	0.00 	0.00 	20.00 	0.00 	64.60 	75.70 	18.90 	15.60 	0.00 	6.80 	54.70 	43.80 	44.40 	31.00 	70.50 	0.00 	29.50 	0.00 
0.00 	1.00 	0.00 	-1.00 	0.00 	0.00 	-1.00 	0.00 	0.00 	0.00 	0.00 	1.00 	0.00 	0.00 	0.00 	0.00 	0.00 	0.00 	0.00 	0.00 	0.00 
4.60 	6.50 	5.90 	5.70 	-1.00 	6.10 	5.60 	7.60 	4.50 	2.60 	3.25 	7.90 	1.40 	3.20 	7.00 	5.25 	4.80 	4.00 	4.35 	3.40 	0.00 
4.32 	6.55 	6.24 	6.04 	1.73 	6.13 	6.17 	6.09 	5.66 	2.31 	3.93 	7.92 	2.44 	2.59 	7.19 	5.37 	5.16 	2.78 	3.58 	3.31 	0.00 
0.28 	0.34 	0.31 	0.33 	0.11 	0.39 	0.37 	0.28 	0.23 	0.12 	0.16 	0.59 	0.08 	0.10 	0.46 	0.27 	0.26 	0.15 	0.25 	0.22 	0.00 
27.50 	105.00 	58.70 	40.00 	44.60 	80.70 	62.00 	0.00 	79.00 	93.50 	93.50 	100.00 	94.10 	115.50 	41.90 	29.30 	51.30 	145.50 	117.30 	71.50 	0.00 
1.80 	-4.50 	-3.50 	-3.50 	2.50 	-3.50 	-3.50 	-0.40 	-3.20 	4.50 	3.80 	-3.90 	1.90 	2.80 	-1.60 	-0.80 	-0.70 	-0.90 	-1.30 	4.20 	0.00 
-0.48 	-0.06 	-0.87 	-0.75 	-0.32 	-0.32 	-0.71 	0.00 	-0.51 	0.81 	1.02 	-0.09 	0.81 	1.03 	2.03 	0.05 	-0.35 	0.66 	1.24 	0.56 	0.00 
-0.50 	3.00 	0.20 	2.50 	-1.00 	0.20 	2.50 	0.00 	-0.50 	-1.80 	-1.80 	3.00 	-1.30 	-2.50 	-1.40 	0.30 	-0.40 	-3.40 	-2.30 	-1.50 	0.00 
0.77 	3.72 	1.98 	1.99 	1.38 	2.58 	2.63 	0.00 	2.76 	1.83 	2.08 	2.94 	2.34 	2.97 	1.42 	1.28 	1.43 	3.58 	3.36 	1.49 	0.00 
121.90 	121.40 	117.50 	121.20 	113.70 	118.00 	118.20 	0.00 	118.20 	118.90 	118.10 	122.00 	113.10 	118.20 	81.90 	117.90 	117.10 	118.40 	110.00 	121.70 	0.00 
243.20 	206.60 	207.10 	215.00 	209.40 	205.40 	213.60 	300.00 	219.90 	217.90 	205.60 	210.90 	204.00 	203.70 	237.40 	232.00 	226.70 	203.70 	195.60 	220.30 	0.00 
0.77 	2.38 	1.45 	1.43 	1.22 	1.75 	1.77 	0.58 	1.78 	1.56 	1.54 	2.08 	1.80 	1.90 	1.25 	1.08 	1.24 	2.21 	2.13 	1.29 	0.00 
5.20 	6.00 	5.00 	5.00 	6.10 	6.00 	6.00 	4.20 	6.00 	7.00 	7.00 	6.00 	6.80 	7.10 	6.20 	4.90 	5.00 	7.60 	7.10 	6.40 	0.00 
0.03 	0.20 	0.10 	0.10 	0.10 	0.10 	0.10 	0.03 	0.10 	0.19 	0.19 	0.20 	0.19 	0.39 	0.17 	0.03 	0.10 	0.56 	0.39 	0.15 	0.00 
1.29 	0.96 	0.90 	1.04 	1.11 	1.27 	1.44 	0.56 	1.22 	0.97 	1.30 	1.23 	1.47 	1.07 	0.52 	0.82 	0.82 	0.99 	0.72 	0.91 	0.00 
0.90 	0.99 	0.76 	0.72 	0.74 	0.80 	0.75 	0.92 	1.08 	1.45 	1.02 	0.77 	0.97 	1.32 	0.64 	0.95 	1.21 	1.14 	1.25 	1.49 	0.00 
0.77 	0.88 	1.28 	1.41 	0.81 	0.98 	0.99 	1.64 	0.68 	0.51 	0.58 	0.96 	0.41 	0.59 	1.91 	1.32 	1.04 	0.76 	1.05 	0.47 	0.00 
1.32 	0.98 	0.95 	1.03 	0.92 	1.10 	1.44 	0.61 	1.31 	0.93 	1.31 	1.25 	1.39 	1.02 	0.58 	0.76 	0.79 	0.97 	0.73 	0.93 	0.00 
0.86 	0.97 	0.73 	0.69 	1.04 	1.00 	0.66 	0.89 	0.85 	1.47 	1.04 	0.77 	0.93 	1.21 	0.68 	1.02 	1.27 	1.26 	1.31 	1.43 	0.00 
0.79 	0.90 	1.25 	1.47 	0.79 	0.92 	1.02 	1.67 	0.81 	0.50 	0.57 	0.99 	0.51 	0.77 	1.78 	1.30 	0.97 	0.79 	0.93 	0.46 	0.00 
0.22 	0.28 	0.42 	0.73 	0.20 	0.26 	0.08 	0.58 	0.14 	0.22 	0.19 	0.27 	0.38 	0.08 	0.46 	0.55 	0.49 	0.43 	0.46 	0.08 	0.00 
0.92 	0.93 	0.60 	0.48 	1.16 	0.95 	0.61 	0.61 	0.93 	1.81 	1.30 	0.70 	1.19 	1.25 	0.40 	0.82 	1.12 	1.54 	1.53 	1.81 	0.00 
1.00 	0.68 	0.54 	0.50 	0.91 	0.28 	0.59 	0.79 	0.38 	2.60 	1.42 	0.59 	1.49 	1.30 	0.35 	0.70 	0.59 	0.89 	1.08 	2.63 	0.00 
0.90 	1.02 	0.62 	0.47 	1.24 	1.18 	0.62 	0.56 	1.12 	1.54 	1.26 	0.74 	1.09 	1.23 	0.42 	0.87 	1.30 	1.75 	1.68 	1.53 	0.00 
12.97 	11.72 	11.42 	10.85 	14.63 	11.76 	11.89 	12.43 	12.16 	15.67 	14.90 	11.36 	14.39 	14.00 	11.37 	11.23 	11.69 	13.93 	13.42 	15.71 	0.00 
1.43 	1.18 	0.64 	0.92 	0.94 	1.22 	1.67 	0.46 	0.98 	1.04 	1.36 	1.27 	1.53 	1.19 	0.49 	0.70 	0.78 	1.01 	0.69 	0.98 	0.00 
0.86 	0.94 	0.74 	0.72 	1.17 	0.89 	0.62 	0.97 	1.06 	1.24 	0.98 	0.79 	1.08 	1.16 	1.22 	1.04 	1.18 	1.07 	1.25 	1.33 	0.00 
0.64 	0.62 	3.14 	1.92 	0.32 	0.80 	1.01 	0.63 	2.05 	0.92 	0.37 	0.89 	1.07 	0.86 	0.50 	1.01 	0.92 	1.00 	1.31 	0.87 	0.00 
0.17 	0.76 	2.62 	1.08 	0.95 	0.91 	0.28 	5.02 	0.57 	0.26 	0.21 	1.17 	0.00 	0.28 	0.12 	0.57 	0.23 	0.00 	0.97 	0.24 	0.00 
1.13 	0.48 	1.11 	1.18 	0.38 	0.41 	1.02 	3.84 	0.30 	0.40 	0.65 	1.13 	0.00 	0.45 	0.00 	0.81 	0.71 	0.93 	0.38 	0.48 	0.00 
1.00 	1.18 	0.87 	1.39 	1.09 	1.13 	1.04 	0.46 	0.71 	0.68 	1.01 	1.05 	0.36 	0.65 	1.95 	1.56 	1.23 	1.10 	0.87 	0.58 	0.00 
4.34 	26.66 	13.28 	12.00 	35.77 	17.56 	17.26 	0.00 	21.81 	19.06 	18.78 	21.29 	21.64 	29.40 	10.93 	6.35 	11.01 	42.53 	31.53 	13.92 	0.00 
0.50 	0.80 	0.80 	-8.20 	-6.80 	-4.80 	-16.90 	0.00 	-3.50 	13.90 	8.80 	0.10 	4.80 	13.20 	6.10 	1.20 	2.70 	14.90 	6.10 	2.70 	0.00 
-0.10 	-4.50 	-1.60 	-2.80 	-2.20 	-2.50 	-7.50 	-0.50 	0.80 	11.80 	10.00 	-3.20 	7.10 	13.90 	8.00 	-3.70 	1.50 	18.10 	8.20 	3.30 	0.00 
1.10 	-0.40 	-4.20 	-1.60 	7.10 	-2.90 	0.70 	-0.20 	-0.70 	8.50 	11.00 	-1.90 	5.40 	13.40 	4.40 	-3.20 	-1.70 	17.10 	7.40 	5.90 	0.00 
1.00 	-2.00 	-3.00 	-0.50 	4.60 	-2.00 	1.10 	0.20 	-2.20 	7.00 	9.60 	-3.00 	4.00 	12.60 	3.10 	-2.90 	-0.60 	15.10 	6.70 	4.60 	0.00 
0.93 	0.98 	0.98 	1.01 	0.88 	1.02 	1.02 	1.01 	0.89 	0.79 	0.85 	1.05 	0.84 	0.78 	1.00 	1.02 	0.99 	0.83 	0.93 	0.81 	0.00 
0.94 	1.09 	1.04 	1.08 	0.84 	1.11 	1.12 	1.01 	0.92 	0.76 	0.82 	1.23 	0.83 	0.73 	1.04 	1.04 	1.02 	0.87 	1.03 	0.81 	0.00 
87.00 	81.00 	70.00 	71.00 	104.00 	66.00 	72.00 	90.00 	90.00 	105.00 	104.00 	65.00 	100.00 	108.00 	78.00 	83.00 	83.00 	94.00 	83.00 	94.00 	0.00 
2.36 	1.92 	1.70 	1.67 	3.36 	1.75 	1.74 	2.06 	2.41 	4.17 	3.93 	1.23 	4.22 	4.37 	1.89 	1.81 	2.04 	3.82 	2.91 	3.49 	0.00 
1.29 	0.83 	0.77 	1.00 	0.94 	1.10 	1.54 	0.72 	1.29 	0.94 	1.23 	1.23 	1.23 	1.23 	0.70 	0.78 	0.87 	1.06 	0.63 	0.97 	0.00 
0.96 	0.67 	0.72 	0.90 	1.13 	1.18 	0.33 	0.90 	0.87 	1.54 	1.26 	0.81 	1.29 	1.37 	0.75 	0.77 	1.23 	1.13 	1.07 	1.41 	0.00 
0.72 	1.33 	1.38 	1.04 	1.01 	0.81 	0.75 	1.35 	0.76 	0.80 	0.63 	0.84 	0.62 	0.58 	1.43 	1.34 	1.03 	0.87 	1.35 	0.83 	0.00 
7.99 	5.86 	4.33 	5.14 	1.81 	3.98 	6.10 	6.91 	2.17 	5.48 	9.16 	6.01 	2.50 	3.83 	4.95 	6.84 	5.77 	1.34 	3.15 	6.65 	0.00 
3.73 	3.34 	2.33 	2.23 	2.30 	2.36 	3.00 	3.36 	1.55 	2.52 	3.40 	3.36 	1.37 	1.94 	3.18 	2.83 	2.63 	1.15 	1.76 	2.53 	0.00 
5.74 	1.92 	5.25 	2.11 	1.03 	2.30 	2.63 	5.66 	2.30 	9.12 	15.36 	3.20 	5.30 	6.51 	4.79 	7.55 	7.51 	2.51 	4.08 	5.12 	0.00 
-0.60 	-1.18 	0.39 	-1.36 	-0.34 	-0.71 	-1.16 	-0.37 	0.08 	1.44 	1.82 	-0.84 	2.04 	1.38 	-0.05 	0.25 	0.66 	1.02 	0.53 	-0.60 	0.00 
5.88 	1.54 	4.38 	1.70 	1.11 	2.30 	2.60 	5.29 	2.33 	8.78 	16.52 	2.58 	6.00 	6.58 	5.29 	7.68 	8.38 	2.89 	3.51 	4.66 	0.00 
-0.57 	-1.29 	0.02 	-1.54 	-0.30 	-0.71 	-1.17 	-0.48 	0.10 	1.31 	2.16 	-1.02 	2.55 	1.42 	0.11 	0.30 	0.99 	1.35 	0.20 	-0.79 	0.00 
5.39 	2.81 	7.31 	3.07 	0.86 	2.31 	2.70 	6.52 	2.23 	9.94 	12.64 	4.67 	3.68 	6.34 	3.62 	7.24 	5.44 	1.64 	5.42 	6.18 	0.00 
-0.70 	-0.91 	1.28 	-0.93 	-0.41 	-0.71 	-1.13 	-0.12 	0.04 	1.77 	1.02 	-0.40 	0.86 	1.29 	-0.42 	0.14 	-0.13 	0.26 	1.29 	-0.19 	0.00 
9.25 	3.96 	3.71 	3.89 	1.07 	3.17 	4.80 	8.51 	1.88 	6.47 	10.94 	3.50 	3.14 	6.36 	4.36 	6.26 	5.66 	2.22 	3.28 	7.55 	0.00 
0.34 	-0.57 	-0.27 	-0.56 	-0.32 	-0.34 	-0.43 	0.48 	-0.19 	0.39 	0.52 	-0.75 	0.47 	1.30 	-0.19 	-0.20 	-0.04 	0.77 	0.07 	0.36 	0.00 
10.17 	1.21 	1.36 	1.18 	1.48 	1.57 	1.15 	8.87 	1.07 	10.91 	16.22 	1.04 	4.12 	9.60 	2.24 	5.38 	5.61 	2.67 	2.68 	11.44 	0.00 
6.61 	0.41 	1.84 	0.59 	0.83 	1.20 	1.63 	4.88 	1.14 	12.91 	21.66 	1.15 	7.17 	7.76 	3.51 	6.84 	8.89 	2.11 	2.57 	6.30 	0.00 
1.61 	0.40 	0.73 	0.75 	0.37 	0.61 	1.50 	3.12 	0.46 	1.61 	1.37 	0.62 	1.59 	1.24 	0.67 	0.68 	0.92 	1.63 	0.67 	1.30 	0.00 
8.63 	6.75 	4.18 	6.24 	1.03 	4.76 	7.82 	6.80 	2.70 	3.48 	8.44 	6.25 	2.14 	2.73 	6.28 	8.53 	4.43 	0.80 	2.54 	5.44 	0.00 
10.88 	6.01 	5.75 	6.13 	0.69 	4.68 	9.34 	7.72 	2.15 	1.80 	8.03 	6.11 	3.79 	2.93 	7.21 	7.25 	3.51 	0.47 	1.01 	4.57 	0.00 
5.15 	4.38 	4.81 	5.75 	3.24 	4.45 	7.05 	6.38 	2.69 	4.40 	8.11 	5.25 	1.60 	3.52 	5.65 	8.04 	7.41 	1.68 	3.42 	7.00 	0.00 
5.04 	3.73 	5.94 	5.26 	2.20 	4.50 	6.07 	7.09 	2.99 	4.32 	9.88 	6.31 	1.85 	3.72 	6.22 	8.05 	5.20 	2.10 	3.32 	6.19 	0.00 
9.90 	0.09 	0.94 	0.35 	2.55 	0.87 	0.08 	8.14 	0.20 	15.25 	22.28 	0.16 	1.85 	6.47 	2.38 	4.17 	4.33 	2.21 	3.42 	14.34 	0.00 
6.69 	6.65 	4.49 	4.97 	1.70 	5.39 	7.76 	6.32 	2.11 	4.51 	8.23 	8.36 	2.46 	3.59 	5.20 	7.40 	5.18 	1.06 	2.75 	5.27 	0.00 
5.08 	4.75 	5.75 	5.96 	2.95 	4.24 	6.04 	8.20 	2.10 	4.95 	8.03 	4.93 	2.61 	4.36 	4.84 	6.41 	5.87 	2.31 	4.55 	6.07 	0.00 
9.36 	0.27 	2.31 	0.94 	2.56 	1.14 	0.94 	6.17 	0.47 	13.73 	16.64 	0.58 	3.93 	10.99 	1.96 	5.58 	4.68 	2.20 	3.13 	12.43 	0.00 
0.23 	-0.26 	-0.94 	-1.13 	1.78 	-0.57 	-0.75 	-0.07 	0.11 	1.19 	1.03 	-1.05 	0.66 	0.48 	-0.76 	-0.67 	-0.36 	0.90 	0.59 	1.24 	0.00 
-0.22 	-0.93 	-2.65 	-4.12 	4.66 	-2.76 	-3.64 	-1.62 	1.28 	5.58 	5.01 	-4.18 	3.51 	5.27 	-3.03 	-2.84 	-1.20 	5.20 	2.15 	4.45 	0.00 
0.50 	0.00 	0.00 	0.00 	0.00 	0.00 	0.00 	0.00 	0.50 	1.80 	1.80 	0.00 	1.30 	2.50 	0.00 	0.00 	0.40 	3.40 	2.30 	1.50 	0.00 
-1.90 	-1.48 	-1.56 	-1.52 	-2.04 	-1.52 	-1.54 	-1.90 	-1.76 	-1.95 	-1.97 	-1.37 	-1.96 	-1.86 	-1.70 	-1.75 	-1.77 	-1.87 	-1.69 	-1.98 	0.00 
-1.40 	-0.92 	-1.18 	-1.16 	-1.37 	-1.12 	-1.16 	-1.36 	-1.22 	-1.19 	-1.32 	-1.07 	-1.30 	-1.14 	-1.24 	-1.30 	-1.25 	-1.03 	-1.03 	-1.25 	0.00 
-0.49 	-0.55 	-0.38 	-0.36 	-0.67 	-0.41 	-0.37 	-0.53 	-0.54 	-0.76 	-0.65 	-0.30 	-0.66 	-0.73 	-0.46 	-0.46 	-0.52 	-0.84 	-0.66 	-0.73 	0.00 
-9.48 	-16.23 	-12.48 	-12.14 	-12.21 	-13.69 	-13.82 	-7.59 	-17.55 	-15.61 	-15.73 	-12.37 	-15.70 	-20.50 	-11.89 	-10.52 	-12.37 	-26.17 	-20.23 	-13.87 	0.00 
-7.02 	-10.13 	-9.42 	-9.30 	-8.19 	-10.04 	-10.47 	-5.46 	-12.15 	-9.51 	-10.52 	-9.67 	-10.42 	-12.49 	-8.65 	-7.78 	-8.76 	-14.42 	-12.36 	-8.78 	0.00 
2.01 	0.84 	0.03 	-2.05 	1.98 	1.02 	0.93 	0.12 	-0.14 	3.70 	2.73 	2.55 	1.75 	2.68 	0.41 	1.47 	2.39 	2.49 	2.23 	3.50 	0.00 
1.34 	0.95 	2.49 	3.32 	1.07 	1.49 	2.20 	2.07 	1.27 	0.66 	0.54 	0.61 	0.70 	0.80 	2.12 	0.94 	1.09 	-4.65 	-0.17 	1.32 	0.00 
0.46 	-1.54 	1.31 	-0.33 	0.20 	-1.12 	0.48 	0.64 	-1.31 	3.28 	0.43 	-1.71 	0.15 	0.52 	-0.58 	-0.83 	-1.52 	1.25 	-2.21 	0.54 	0.00 
-2.49 	2.55 	2.27 	8.86 	-3.13 	1.79 	4.04 	-0.56 	4.22 	-10.87 	-7.16 	-9.97 	-4.96 	-6.64 	5.19 	-1.60 	-4.75 	-17.84 	9.25 	-3.97 	0.00 
4.55 	5.97 	5.56 	2.85 	-0.78 	4.15 	5.16 	9.14 	4.48 	2.10 	3.24 	10.68 	2.18 	4.37 	5.14 	6.78 	8.60 	1.97 	2.40 	3.81 	0.00 
1.30 	0.93 	0.90 	1.02 	0.92 	1.04 	1.43 	0.63 	1.33 	0.87 	1.30 	1.23 	1.32 	1.09 	0.63 	0.78 	0.80 	1.03 	0.71 	0.95 	0.00 
1.32 	1.04 	0.74 	0.97 	0.70 	1.25 	1.48 	0.59 	1.06 	1.01 	1.22 	1.13 	1.47 	1.10 	0.57 	0.77 	0.86 	1.02 	0.72 	1.05 	0.00 
0.81 	1.03 	0.81 	0.71 	1.12 	1.03 	0.59 	0.94 	0.85 	1.47 	1.03 	0.77 	0.96 	1.13 	0.75 	1.02 	1.19 	1.24 	1.35 	1.44 	0.00 
0.90 	0.75 	0.82 	0.75 	1.12 	0.95 	0.44 	0.83 	0.86 	1.59 	1.24 	0.75 	0.94 	1.41 	0.46 	0.70 	1.20 	1.28 	1.45 	1.73 	0.00 
0.84 	0.91 	1.48 	1.28 	0.69 	1.00 	0.78 	1.76 	0.53 	0.55 	0.49 	0.95 	0.52 	0.88 	1.47 	1.29 	1.05 	0.88 	1.28 	0.51 	0.00 
0.65 	0.93 	1.45 	1.47 	1.43 	0.94 	0.75 	1.53 	0.96 	0.57 	0.56 	0.95 	0.71 	0.72 	1.51 	1.46 	0.96 	0.90 	1.12 	0.55 	0.00 
1.08 	0.93 	1.05 	0.86 	1.22 	0.95 	1.09 	0.85 	1.02 	0.98 	1.04 	1.01 	1.11 	0.96 	0.91 	0.95 	1.15 	1.17 	0.80 	1.03 	0.00 
1.34 	0.91 	0.83 	1.06 	1.27 	1.13 	1.69 	0.47 	1.11 	0.84 	1.39 	1.08 	0.90 	1.02 	0.48 	1.05 	0.74 	0.64 	0.73 	1.18 	0.00 
1.15 	1.06 	0.87 	1.00 	1.03 	1.43 	1.37 	0.64 	0.95 	0.99 	1.22 	1.20 	1.45 	0.92 	0.72 	0.84 	0.97 	1.11 	0.72 	0.82 	0.00 
0.89 	1.06 	0.67 	0.71 	1.04 	1.06 	0.72 	0.87 	1.04 	1.14 	1.02 	1.00 	1.41 	1.32 	0.69 	0.86 	1.15 	1.06 	1.35 	1.66 	0.00 
0.82 	0.99 	1.27 	0.98 	0.71 	1.01 	0.54 	0.94 	1.26 	1.67 	0.94 	0.73 	1.30 	1.56 	0.69 	0.65 	0.98 	1.25 	1.26 	1.22 	0.00 
0.98 	1.03 	0.66 	0.74 	1.01 	0.63 	0.59 	0.90 	1.17 	1.38 	1.05 	0.83 	0.82 	1.23 	0.73 	0.98 	1.20 	1.26 	1.23 	1.62 	0.00 
0.69 	0.00 	1.52 	2.42 	0.00 	1.44 	0.63 	2.64 	0.22 	0.43 	0.00 	1.18 	0.88 	2.20 	1.34 	1.43 	0.28 	0.00 	1.53 	0.14 	0.00 
0.87 	1.30 	1.36 	1.24 	0.83 	1.06 	0.91 	1.69 	0.91 	0.27 	0.67 	0.66 	0.00 	0.47 	1.54 	1.08 	1.12 	1.24 	0.54 	0.69 	0.00 
0.91 	0.77 	1.32 	0.90 	0.50 	1.06 	0.53 	1.61 	1.08 	0.36 	0.77 	1.27 	0.76 	0.37 	1.62 	1.34 	0.87 	1.10 	1.24 	0.52 	0.00 
0.92 	0.90 	1.57 	1.22 	0.62 	0.66 	0.92 	1.61 	0.39 	0.79 	0.50 	0.86 	0.50 	0.96 	1.30 	1.40 	1.11 	0.57 	1.78 	0.50 	0.00 
2.10 	4.20 	7.00 	10.00 	1.40 	6.00 	7.80 	5.70 	2.10 	-8.00 	-9.20 	5.70 	-4.20 	-9.20 	2.10 	6.50 	5.20 	-10.00 	-1.90 	-3.70 	0.00 
-2.89 	-3.30 	-3.41 	-3.38 	-2.49 	-3.15 	-2.94 	-3.25 	-2.84 	-1.72 	-1.61 	-3.31 	-1.84 	-1.63 	-2.50 	-3.30 	-2.91 	-1.75 	-2.42 	-2.08 	0.00 
12.28 	11.49 	11.00 	10.97 	14.93 	11.28 	11.19 	12.01 	12.84 	14.77 	14.10 	10.80 	14.33 	13.43 	11.19 	11.26 	11.65 	12.95 	13.29 	15.07 	0.00 
7.62 	6.81 	6.17 	6.18 	10.93 	6.67 	6.38 	7.31 	7.85 	9.99 	9.37 	5.72 	9.83 	8.99 	6.64 	6.93 	7.08 	8.41 	8.53 	10.38 	0.00 
2.63 	2.45 	2.27 	2.29 	3.36 	2.45 	2.31 	2.55 	2.57 	3.08 	2.98 	2.12 	3.18 	3.02 	2.46 	2.60 	2.55 	2.85 	2.79 	3.21 	0.00 
13.65 	11.28 	12.24 	10.98 	14.49 	11.30 	12.55 	15.36 	11.59 	14.63 	14.01 	11.96 	13.40 	14.08 	11.51 	11.26 	13.00 	12.06 	12.64 	12.88 	0.00 
14.60 	13.24 	11.79 	13.78 	15.90 	12.02 	13.59 	14.18 	15.35 	14.10 	16.49 	13.28 	16.23 	14.18 	14.10 	13.36 	14.50 	13.90 	14.76 	16.30 	0.00 
10.67 	11.05 	10.85 	10.21 	14.15 	11.71 	11.71 	10.95 	12.07 	12.95 	13.07 	9.93 	15.00 	13.27 	10.62 	11.18 	10.53 	11.41 	11.52 	13.86 	0.00 
3.70 	2.53 	2.12 	2.60 	3.03 	2.70 	3.30 	3.13 	3.57 	7.69 	5.88 	1.79 	5.21 	6.60 	2.12 	2.43 	2.60 	6.25 	3.03 	7.14 	0.00 
6.05 	5.70 	5.04 	4.95 	7.86 	5.45 	5.10 	6.16 	5.80 	7.51 	7.37 	4.88 	6.39 	6.62 	5.65 	5.53 	5.81 	6.98 	6.73 	7.62 	0.00 
0.31 	0.23 	0.32 	0.34 	0.34 	0.31 	0.28 	0.35 	0.22 	0.28 	0.26 	0.39 	0.28 	0.20 	0.35 	0.33 	0.25 	0.29 	0.29 	0.29 	0.00 
0.18 	0.08 	0.09 	0.14 	0.07 	0.09 	0.14 	0.20 	0.13 	0.10 	0.10 	0.06 	0.05 	0.10 	0.14 	0.16 	0.15 	0.09 	0.08 	0.10 	0.00 
0.69 	0.59 	0.49 	0.63 	0.26 	0.53 	0.67 	0.67 	0.59 	0.56 	0.54 	0.41 	0.33 	0.58 	0.60 	0.69 	0.71 	0.63 	0.50 	0.53 	0.00 
-6.70 	51.50 	20.10 	38.50 	-8.40 	17.20 	34.30 	-4.20 	12.60 	-13.00 	-11.70 	36.80 	-14.20 	-15.50 	0.80 	-2.50 	-5.00 	-7.90 	2.90 	-10.90 	0.00 
1.29 	0.96 	0.90 	1.04 	1.11 	1.27 	1.44 	0.56 	1.22 	0.97 	1.30 	1.23 	1.47 	1.07 	0.52 	0.82 	0.82 	0.99 	0.72 	0.91 	0.00 
0.90 	0.99 	0.76 	0.72 	0.74 	0.80 	0.75 	0.92 	1.08 	1.45 	1.02 	0.77 	0.97 	1.32 	0.64 	0.95 	1.21 	1.14 	1.25 	1.49 	0.00 
0.78 	0.88 	1.28 	1.41 	0.80 	0.97 	1.00 	1.64 	0.69 	0.51 	0.59 	0.96 	0.39 	0.58 	1.91 	1.33 	1.03 	0.75 	1.05 	0.47 	0.00 
1.10 	0.95 	0.80 	0.65 	0.95 	1.00 	1.00 	0.60 	0.85 	1.10 	1.25 	1.00 	1.15 	1.10 	0.10 	0.75 	0.75 	1.10 	1.10 	0.95 	0.00 
1.00 	0.70 	0.60 	0.50 	1.90 	1.00 	0.70 	0.30 	0.80 	4.00 	2.00 	0.70 	1.90 	3.10 	0.20 	0.90 	1.70 	2.20 	2.80 	4.00 	0.00 
0.12 	0.04 	-0.10 	0.01 	-0.25 	-0.03 	-0.02 	-0.02 	-0.06 	-0.07 	0.05 	0.26 	0.00 	0.05 	-0.19 	-0.19 	-0.04 	-0.06 	-0.14 	-0.03 	0.00 
0.26 	-0.14 	-0.03 	0.15 	-0.15 	-0.13 	0.21 	-0.37 	0.10 	-0.03 	-0.02 	0.12 	0.00 	0.12 	-0.08 	0.01 	-0.34 	-0.01 	-0.29 	0.02 	0.00 
0.64 	-0.10 	0.09 	0.33 	0.03 	-0.23 	0.51 	-0.09 	-0.23 	-0.22 	0.41 	-0.17 	0.13 	-0.03 	-0.43 	-0.10 	-0.07 	-0.02 	-0.38 	-0.01 	0.00 
0.29 	-0.03 	-0.04 	0.11 	-0.05 	0.26 	0.28 	-0.67 	-0.26 	0.00 	0.47 	-0.19 	0.27 	0.24 	-0.34 	-0.17 	-0.20 	0.25 	-0.30 	-0.01 	0.00 
0.68 	-0.22 	-0.09 	-0.02 	-0.15 	-0.15 	0.44 	-0.73 	-0.14 	-0.08 	0.61 	0.03 	0.39 	0.06 	-0.76 	-0.26 	-0.10 	0.20 	-0.04 	0.12 	0.00 
0.34 	0.22 	-0.33 	0.06 	-0.18 	0.01 	0.20 	-0.88 	-0.09 	-0.03 	0.20 	-0.11 	0.43 	0.15 	-0.81 	-0.35 	-0.37 	0.07 	-0.31 	0.13 	0.00 
0.57 	0.23 	-0.36 	-0.46 	-0.15 	0.15 	0.26 	-0.71 	-0.05 	0.00 	0.48 	0.16 	0.41 	0.03 	-1.12 	-0.47 	-0.54 	-0.10 	-0.35 	0.31 	0.00 
0.33 	0.10 	-0.19 	-0.44 	-0.03 	0.19 	0.21 	-0.46 	0.27 	-0.33 	0.57 	0.23 	0.79 	0.48 	-1.86 	-0.23 	-0.33 	0.15 	-0.19 	0.24 	0.00 
0.13 	0.08 	-0.07 	-0.71 	-0.09 	0.12 	0.13 	-0.39 	0.32 	0.00 	0.50 	0.37 	0.63 	0.15 	-1.40 	-0.28 	-0.21 	0.02 	-0.10 	0.17 	0.00 
0.31 	0.18 	-0.10 	-0.81 	-0.26 	0.41 	-0.06 	-0.42 	0.51 	-0.15 	0.56 	0.47 	0.58 	0.10 	-1.33 	-0.49 	-0.44 	0.14 	-0.08 	-0.01 	0.00 
0.21 	0.07 	-0.04 	-0.58 	-0.12 	0.13 	-0.23 	-0.15 	0.37 	0.31 	0.70 	0.28 	0.61 	-0.06 	-1.03 	-0.28 	-0.25 	0.21 	0.16 	0.00 	0.00 
0.18 	0.21 	-0.03 	-0.32 	-0.29 	-0.27 	-0.25 	-0.40 	0.28 	-0.03 	0.62 	0.41 	0.21 	0.05 	-0.84 	-0.05 	-0.16 	0.32 	0.11 	0.06 	0.00 
-0.08 	0.05 	-0.08 	-0.24 	-0.25 	-0.28 	-0.19 	-0.10 	0.29 	-0.01 	0.28 	0.45 	0.11 	0.00 	-0.42 	0.07 	-0.33 	0.36 	0.00 	-0.13 	0.00 
-0.18 	-0.13 	0.28 	0.05 	-0.26 	0.21 	-0.06 	0.23 	0.24 	-0.42 	-0.23 	0.03 	-0.42 	-0.18 	-0.13 	0.41 	0.33 	-0.10 	-0.10 	-0.07 	0.00 
-0.01 	0.02 	0.41 	-0.09 	-0.27 	0.01 	0.09 	0.13 	0.22 	-0.27 	-0.25 	0.08 	-0.57 	-0.12 	0.26 	0.44 	0.35 	-0.15 	0.15 	-0.09 	0.00 
-0.19 	0.03 	0.02 	-0.06 	-0.29 	0.02 	-0.10 	0.19 	-0.16 	-0.08 	-0.42 	-0.09 	-0.38 	-0.32 	0.05 	0.25 	0.22 	-0.19 	0.05 	-0.15 	0.00 
-0.14 	0.14 	-0.27 	-0.10 	-0.64 	-0.11 	-0.39 	0.46 	-0.04 	0.16 	-0.57 	0.04 	0.24 	0.08 	0.02 	-0.12 	0.00 	-0.10 	0.18 	0.29 	0.00 
-0.31 	0.25 	-0.53 	-0.54 	-0.06 	0.07 	-0.52 	0.37 	-0.32 	0.57 	0.09 	-0.29 	0.29 	0.24 	-0.31 	0.11 	0.03 	0.15 	0.29 	0.48 	0.00 
-0.10 	0.19 	-0.89 	-0.89 	0.13 	-0.04 	-0.34 	-0.45 	-0.34 	0.95 	0.32 	-0.46 	0.43 	0.36 	-0.91 	-0.12 	0.49 	0.34 	0.42 	0.76 	0.00 
-0.25 	-0.02 	-0.77 	-1.01 	0.13 	-0.12 	-0.62 	-0.72 	-0.16 	1.10 	0.23 	-0.59 	0.32 	0.48 	-1.24 	-0.31 	0.17 	0.45 	0.77 	0.69 	0.00 
-0.26 	-0.09 	-0.34 	-0.55 	0.47 	-0.33 	-0.75 	-0.56 	-0.04 	0.94 	0.25 	-0.55 	-0.05 	0.20 	-1.28 	-0.28 	0.08 	0.22 	0.53 	0.67 	0.00 
0.05 	-0.11 	-0.40 	-0.11 	0.36 	-0.67 	-0.35 	0.14 	0.02 	0.47 	0.32 	-0.51 	-0.10 	0.20 	-0.79 	0.03 	-0.15 	0.09 	0.34 	0.58 	0.00 
-0.44 	-0.13 	0.05 	-0.20 	0.13 	-0.58 	-0.28 	0.08 	0.09 	-0.04 	-0.12 	-0.33 	-0.21 	-0.13 	-0.48 	0.27 	0.47 	-0.22 	-0.11 	0.06 	0.00 
-0.31 	-0.10 	0.06 	0.13 	-0.11 	-0.47 	-0.05 	0.45 	-0.06 	-0.25 	-0.44 	-0.44 	-0.28 	-0.04 	-0.29 	0.34 	0.27 	-0.08 	0.06 	0.11 	0.00 
-0.02 	0.04 	0.03 	0.11 	-0.02 	-0.17 	0.10 	0.38 	-0.09 	-0.48 	-0.26 	-0.39 	-0.14 	-0.03 	-0.04 	0.41 	0.36 	-0.01 	-0.08 	-0.18 	0.00 
-0.06 	0.02 	0.10 	0.24 	-0.19 	-0.04 	-0.04 	0.17 	0.19 	-0.20 	-0.46 	-0.43 	-0.52 	-0.33 	0.37 	0.43 	0.50 	-0.32 	0.35 	0.00 	0.00 
-0.05 	0.06 	0.00 	0.15 	0.30 	-0.08 	-0.02 	-0.14 	-0.07 	0.26 	0.04 	-0.42 	0.25 	0.09 	0.31 	-0.11 	-0.06 	0.19 	0.33 	0.04 	0.00 
-0.19 	0.17 	-0.38 	0.09 	0.41 	0.04 	-0.20 	0.28 	-0.19 	-0.06 	0.34 	-0.20 	0.45 	0.07 	0.04 	-0.23 	-0.02 	0.16 	0.22 	0.05 	0.00 
-0.43 	0.06 	0.00 	-0.31 	0.19 	0.14 	-0.41 	-0.21 	0.21 	0.29 	-0.10 	0.33 	-0.01 	0.25 	0.28 	-0.23 	-0.26 	0.15 	0.09 	-0.10 	0.00 
-0.19 	-0.07 	0.17 	-0.27 	0.42 	-0.29 	-0.22 	0.17 	0.17 	-0.34 	-0.22 	0.00 	-0.53 	-0.31 	0.14 	0.22 	0.10 	-0.15 	-0.02 	-0.33 	0.00 
-0.25 	0.12 	0.61 	0.60 	0.18 	0.09 	-0.12 	0.09 	0.42 	-0.54 	-0.55 	0.14 	-0.47 	-0.29 	0.89 	0.24 	0.16 	-0.44 	-0.19 	-0.45 	0.00 
-0.27 	-0.40 	0.71 	0.54 	0.00 	-0.08 	-0.12 	1.14 	0.18 	-0.74 	-0.54 	0.45 	-0.76 	-0.47 	1.40 	0.40 	-0.10 	-0.46 	-0.05 	-0.86 	0.00 
-0.42 	-0.23 	0.81 	0.95 	-0.18 	-0.01 	-0.09 	1.24 	0.05 	-1.17 	-0.69 	0.09 	-0.86 	-0.39 	1.77 	0.63 	0.29 	-0.37 	-0.41 	-1.32 	0.00 
-0.24 	-0.04 	0.45 	0.65 	-0.38 	0.01 	0.07 	0.85 	-0.21 	-0.65 	-0.80 	0.17 	-0.71 	-0.61 	2.27 	0.33 	0.13 	-0.44 	-0.49 	-0.99 	0.00 
-0.14 	0.21 	0.35 	0.66 	-0.09 	0.11 	0.06 	0.36 	-0.31 	-0.51 	-0.80 	-0.14 	-0.56 	-0.25 	1.59 	0.32 	0.21 	-0.17 	-0.35 	-0.70 	0.00 
0.01 	-0.13 	-0.11 	0.78 	-0.31 	-0.13 	0.09 	0.14 	-0.56 	-0.09 	-0.81 	-0.43 	-0.49 	-0.20 	1.14 	0.13 	-0.02 	-0.20 	0.10 	-0.11 	0.00 
-0.30 	-0.09 	-0.12 	0.44 	0.03 	0.24 	0.18 	-0.12 	-0.20 	-0.07 	-0.18 	0.06 	-0.44 	0.11 	0.77 	-0.09 	-0.27 	-0.09 	-0.25 	-0.06 	0.00 
-0.23 	-0.20 	0.06 	0.34 	0.19 	0.47 	0.28 	0.14 	-0.22 	0.42 	-0.36 	-0.15 	-0.19 	-0.02 	0.78 	-0.29 	-0.30 	-0.18 	0.07 	0.29 	0.00 
0.08 	-0.01 	-0.06 	0.04 	0.37 	0.48 	0.36 	-0.02 	-0.45 	0.09 	0.24 	-0.27 	0.16 	0.34 	0.16 	-0.35 	-0.04 	-0.06 	-0.20 	0.18 	0.00 
0.93 	0.96 	0.99 	0.99 	0.90 	1.05 	0.99 	1.02 	0.88 	0.77 	0.83 	1.04 	0.80 	0.77 	1.05 	1.06 	1.01 	0.85 	0.93 	0.83 	0.00 
0.94 	1.11 	1.04 	1.07 	0.87 	1.15 	1.10 	1.06 	0.91 	0.74 	0.80 	1.23 	0.78 	0.72 	1.09 	1.08 	1.04 	0.87 	1.05 	0.82 	0.00 
1.16 	1.72 	1.97 	2.66 	0.50 	3.87 	2.40 	1.63 	0.86 	0.57 	0.51 	3.90 	0.40 	0.43 	2.04 	1.61 	1.48 	0.75 	1.72 	0.59 	0.00 
0.85 	2.02 	0.88 	1.50 	0.90 	1.71 	1.79 	1.54 	1.59 	0.67 	1.03 	0.88 	1.17 	0.85 	1.47 	1.50 	1.96 	0.83 	1.34 	0.89 	0.00 
1.58 	1.14 	0.77 	0.98 	1.04 	1.24 	1.49 	0.66 	0.99 	1.09 	1.21 	1.27 	1.41 	1.00 	1.46 	1.05 	0.87 	1.23 	0.68 	0.88 	0.00 
0.82 	2.60 	2.07 	2.64 	0.00 	0.00 	2.62 	1.63 	0.00 	2.32 	0.00 	2.86 	0.00 	0.00 	0.00 	1.23 	2.48 	0.00 	1.90 	1.62 	0.00 
0.78 	1.75 	1.32 	1.25 	3.14 	0.93 	0.94 	1.13 	1.03 	1.26 	0.91 	0.85 	0.41 	1.07 	1.73 	1.31 	1.57 	0.98 	1.31 	1.11 	0.00 
0.88 	0.99 	1.02 	1.16 	1.14 	0.93 	1.01 	0.70 	1.87 	1.61 	1.09 	0.83 	1.71 	1.52 	0.87 	1.14 	0.96 	1.96 	1.68 	1.56 	0.00 
0.30 	0.90 	2.73 	1.26 	0.72 	0.97 	1.33 	3.09 	1.33 	0.45 	0.96 	0.71 	1.89 	1.20 	0.83 	1.16 	0.97 	1.58 	0.86 	0.64 	0.00 
0.40 	1.20 	1.24 	1.59 	2.98 	0.50 	1.26 	1.89 	2.71 	1.31 	0.57 	0.87 	0.00 	1.27 	0.38 	0.92 	1.38 	1.53 	1.79 	0.95 	0.00 
1.48 	1.02 	0.99 	1.19 	0.86 	1.42 	1.43 	0.46 	1.27 	1.12 	1.33 	1.36 	1.41 	1.30 	0.25 	0.89 	0.81 	1.27 	0.91 	0.93 	0.00 
0.00 	0.00 	4.14 	2.15 	0.00 	0.00 	0.00 	6.49 	0.00 	0.00 	0.00 	0.00 	0.00 	2.11 	1.99 	0.00 	1.24 	0.00 	1.90 	0.00 	0.00 
1.02 	1.00 	1.31 	1.76 	1.05 	1.05 	0.83 	2.39 	0.40 	0.83 	1.06 	0.94 	1.33 	0.41 	2.73 	1.18 	0.77 	1.22 	1.09 	0.88 	0.00 
0.93 	1.52 	0.92 	0.60 	1.08 	0.94 	0.73 	0.78 	1.08 	1.74 	1.03 	1.00 	1.31 	1.51 	1.37 	0.97 	1.38 	1.12 	1.65 	1.70 	0.00 
0.99 	1.19 	1.15 	1.18 	2.32 	1.52 	1.36 	1.40 	1.06 	0.81 	1.26 	0.91 	1.00 	1.25 	0.00 	1.50 	1.18 	1.33 	1.09 	1.01 	0.00 
17.05 	21.25 	34.81 	19.27 	28.84 	15.42 	20.12 	38.14 	23.07 	16.66 	10.89 	16.46 	20.61 	16.26 	23.94 	19.95 	18.92 	23.36 	26.49 	17.06 	0.00 
14.53 	17.82 	13.59 	19.78 	30.57 	22.18 	18.19 	37.16 	22.63 	20.28 	14.30 	14.07 	20.61 	19.61 	52.63 	18.56 	21.09 	19.78 	26.36 	21.87 	0.00 
1.81 	-14.92 	-6.64 	-8.72 	1.28 	-5.54 	-6.81 	0.94 	-4.66 	4.92 	4.92 	-5.55 	2.35 	2.98 	0.00 	-3.40 	-2.57 	2.33 	-0.14 	4.04 	0.00 
0.52 	-1.32 	-0.01 	0.00 	0.00 	-0.07 	-0.79 	0.00 	0.95 	2.04 	1.76 	0.08 	1.32 	2.09 	0.00 	0.04 	0.27 	2.51 	1.63 	1.18 	0.00 
0.13 	-5.00 	-3.04 	-2.23 	-2.52 	-3.84 	-3.43 	1.45 	-5.61 	-2.77 	-2.64 	-3.97 	-3.83 	-3.74 	0.00 	-1.66 	-2.31 	-8.21 	-5.97 	-2.05 	0.00 
1.29 	-13.60 	-6.63 	0.00 	0.00 	-5.47 	-6.02 	0.94 	-5.61 	2.88 	3.16 	-5.63 	1.03 	0.89 	0.00 	-3.44 	-2.84 	-0.18 	-1.77 	2.86 	0.00 
1.42 	-18.60 	-9.67 	0.00 	0.00 	-9.31 	-9.45 	2.39 	-11.22 	0.11 	0.52 	-9.60 	-2.80 	-2.85 	0.00 	-5.10 	-5.15 	-8.39 	-7.74 	0.81 	0.00 
93.70 	250.40 	146.30 	142.60 	135.20 	177.70 	182.90 	52.60 	188.10 	182.20 	173.70 	215.20 	197.60 	228.60 	0.00 	109.50 	142.10 	271.60 	239.90 	157.20 	0.00 
-0.29 	-2.71 	-1.18 	-1.02 	0.00 	-1.53 	-0.90 	-0.34 	-0.94 	0.24 	-0.12 	-2.05 	-0.24 	0.00 	0.00 	-0.75 	-0.71 	-0.59 	-1.02 	0.09 	0.00 
-0.06 	-0.84 	-0.48 	-0.80 	1.36 	-0.73 	-0.77 	-0.41 	0.49 	1.31 	1.21 	-1.18 	1.27 	1.27 	0.00 	-0.50 	-0.27 	0.88 	0.33 	1.09 	0.00 
0.70 	0.40 	1.20 	1.40 	0.60 	1.00 	1.00 	1.60 	1.20 	0.90 	0.90 	1.00 	0.30 	1.20 	0.70 	1.60 	0.30 	1.10 	1.90 	0.70 	0.00 
0.70 	0.40 	1.20 	1.40 	0.60 	1.00 	1.00 	1.60 	1.20 	0.90 	0.90 	1.00 	0.30 	1.20 	0.70 	1.60 	0.30 	1.10 	1.90 	0.70 	0.00 
0.50 	0.40 	3.50 	2.10 	0.60 	0.40 	0.40 	1.80 	1.10 	0.20 	0.20 	0.70 	0.80 	0.20 	0.80 	2.30 	1.60 	0.30 	0.80 	0.10 	0.00 
1.20 	0.70 	0.70 	0.80 	0.80 	0.70 	2.20 	0.30 	0.70 	0.90 	0.90 	0.60 	0.30 	0.50 	2.60 	0.70 	0.80 	2.10 	1.80 	1.10 	0.00 
1.60 	0.90 	0.70 	2.60 	1.20 	0.80 	2.00 	0.90 	0.70 	0.70 	0.30 	1.00 	1.00 	0.90 	0.50 	0.80 	0.70 	1.70 	0.40 	0.60 	0.00 
1.00 	0.40 	0.70 	2.20 	0.60 	1.50 	3.30 	0.60 	0.70 	0.40 	0.60 	0.80 	1.00 	0.60 	0.40 	0.40 	1.00 	1.40 	1.20 	1.10 	0.00 
1.10 	1.50 	0.00 	0.30 	1.10 	1.30 	0.50 	0.40 	1.50 	1.10 	2.60 	0.80 	1.70 	1.90 	0.10 	0.40 	0.50 	3.10 	0.60 	1.50 	0.00 
1.40 	1.20 	1.20 	0.60 	1.60 	1.40 	0.90 	0.60 	0.90 	0.90 	1.10 	1.90 	1.70 	1.00 	0.30 	1.10 	0.60 	1.40 	0.20 	0.80 	0.00 
1.80 	1.30 	0.90 	1.00 	0.70 	1.30 	0.80 	0.50 	1.00 	1.20 	1.20 	1.10 	1.50 	1.30 	0.30 	0.60 	1.00 	1.50 	0.80 	1.20 	0.00 
1.80 	1.00 	0.60 	0.70 	0.00 	1.00 	1.10 	0.50 	2.40 	1.30 	1.20 	1.40 	2.70 	1.90 	0.30 	0.50 	0.50 	1.10 	1.30 	0.40 	0.00 
1.30 	0.80 	0.60 	0.50 	0.70 	0.20 	0.70 	0.50 	1.90 	1.60 	1.40 	1.00 	2.80 	2.90 	0.00 	0.50 	0.60 	2.10 	0.80 	1.40 	0.00 
0.70 	0.80 	0.80 	0.60 	0.20 	1.30 	1.60 	0.10 	1.10 	1.40 	1.90 	2.20 	1.00 	1.80 	0.00 	0.60 	0.70 	0.40 	1.10 	1.30 	0.00 
1.40 	2.10 	0.90 	0.70 	1.20 	1.60 	1.70 	0.20 	1.80 	0.40 	0.80 	1.90 	1.30 	0.30 	0.20 	1.60 	0.90 	0.40 	0.30 	0.70 	0.00 
1.10 	1.00 	1.20 	0.40 	1.60 	2.10 	0.80 	0.20 	3.40 	0.70 	0.70 	2.00 	1.00 	0.70 	0.00 	1.70 	1.00 	0.00 	1.20 	0.70 	0.00 
0.80 	0.90 	1.60 	0.70 	0.40 	0.90 	0.30 	3.90 	1.30 	0.70 	0.70 	1.30 	0.80 	0.50 	0.70 	0.80 	0.30 	0.00 	0.80 	0.20 	0.00 
1.00 	1.40 	0.90 	1.40 	0.80 	1.40 	0.80 	1.20 	1.20 	1.10 	0.90 	1.20 	0.80 	0.10 	1.90 	0.70 	0.80 	0.40 	0.90 	0.60 	0.00 
0.70 	1.10 	1.50 	1.40 	0.40 	1.10 	0.70 	0.60 	1.00 	0.70 	0.50 	1.30 	0.00 	1.20 	1.50 	0.90 	2.10 	2.70 	0.50 	1.00 	0.00 
6.50 	-0.90 	-5.10 	0.50 	-1.30 	1.00 	7.80 	-8.60 	1.20 	0.60 	3.20 	2.30 	5.30 	1.60 	-7.70 	-3.90 	-2.60 	1.20 	-4.50 	1.40 	0.00 
2.30 	-5.20 	0.30 	7.40 	0.80 	-0.70 	10.30 	-5.20 	-2.80 	-4.00 	-2.10 	-4.10 	-3.50 	-1.10 	8.10 	-3.50 	2.30 	-0.90 	-3.70 	-4.40 	0.00 
6.70 	0.30 	-6.10 	-3.10 	-4.90 	0.60 	2.20 	-6.80 	-1.00 	3.20 	5.50 	0.50 	7.20 	2.80 	-22.80 	-3.00 	-4.00 	4.00 	-4.60 	2.50 	0.00 
2.30 	1.40 	-3.30 	-4.40 	6.10 	2.70 	2.50 	-8.30 	5.90 	-0.50 	0.10 	7.30 	3.50 	1.60 	-24.40 	-1.90 	-3.70 	-0.90 	-0.60 	2.30 	0.00 
-2.30 	0.40 	-4.10 	-4.40 	4.40 	1.20 	-5.00 	-4.20 	-2.50 	6.70 	2.30 	-3.30 	2.30 	2.60 	-1.80 	-1.70 	1.30 	-1.00 	4.00 	6.80 	0.00 
-2.70 	0.40 	-4.20 	-4.40 	3.70 	0.80 	-8.10 	-3.90 	-3.00 	7.70 	3.70 	-2.90 	3.70 	3.00 	-6.60 	-2.40 	1.70 	0.30 	3.30 	7.10 	0.00 
0.00 	1.10 	-2.00 	-2.60 	5.40 	2.40 	3.10 	-3.40 	0.80 	-0.10 	-3.70 	-3.10 	-2.10 	0.70 	7.40 	1.30 	0.00 	-3.40 	4.80 	2.70 	0.00 
-5.00 	2.10 	4.20 	3.10 	4.40 	0.40 	-4.70 	5.70 	-0.30 	-4.60 	-5.60 	1.00 	-4.80 	-1.80 	2.60 	2.60 	0.30 	3.40 	2.90 	-6.00 	0.00 
-3.30 	0.00 	5.40 	3.90 	-0.30 	-0.40 	-1.80 	-1.20 	3.00 	-0.50 	-2.30 	-1.20 	-4.30 	0.80 	6.50 	1.80 	-0.70 	-0.80 	3.10 	-3.50 	0.00 
-4.70 	2.00 	3.90 	1.90 	6.20 	-2.00 	-4.20 	5.70 	-2.60 	-7.00 	-6.20 	2.80 	-4.80 	-3.70 	3.60 	2.10 	0.60 	3.30 	3.80 	-6.20 	0.00 
-3.70 	1.00 	-0.60 	-0.60 	4.00 	3.40 	-4.30 	5.90 	-0.80 	-0.50 	-2.80 	1.30 	-1.60 	1.60 	-6.00 	1.50 	1.20 	6.50 	1.30 	-4.60 	0.00 
-2.50 	-1.20 	4.60 	0.00 	-4.70 	-0.50 	-4.40 	4.90 	1.60 	-3.30 	-2.00 	-0.80 	-4.10 	-4.10 	5.80 	2.50 	1.70 	1.20 	-0.60 	-3.50 	0.00 
-5.10 	2.60 	4.70 	3.10 	3.80 	0.20 	-5.20 	5.60 	-0.90 	-4.50 	-5.40 	1.00 	-5.30 	-2.40 	3.50 	3.20 	0.00 	2.90 	3.20 	-6.30 	0.00 
-1.00 	0.30 	-0.70 	-1.20 	2.10 	-0.10 	-0.70 	0.30 	1.10 	4.00 	2.00 	-0.90 	1.80 	2.80 	0.40 	-1.20 	-0.50 	3.00 	2.10 	1.40 	0.00 
86.60 	162.20 	103.30 	97.80 	132.30 	119.20 	113.90 	62.90 	155.80 	158.00 	164.10 	115.50 	172.90 	194.10 	92.90 	85.60 	106.50 	224.60 	177.70 	141.00 	0.00 
0.74 	0.64 	0.63 	0.62 	0.91 	0.62 	0.62 	0.72 	0.78 	0.88 	0.85 	0.52 	0.85 	0.88 	0.64 	0.66 	0.70 	0.85 	0.76 	0.86 	0.00 
-0.67 	12.10 	7.23 	8.72 	-0.34 	6.39 	7.35 	0.00 	3.82 	-3.02 	-3.02 	6.13 	-1.30 	-3.24 	-1.75 	4.35 	3.86 	-2.86 	0.98 	-2.18 	0.00 
-0.67 	3.89 	2.27 	1.57 	-2.00 	2.12 	1.78 	0.00 	1.09 	-3.02 	-3.02 	2.46 	-1.67 	-3.24 	-1.75 	0.10 	-0.42 	-2.86 	0.98 	-2.18 	0.00 
0.40 	0.30 	0.90 	0.80 	0.50 	0.70 	1.30 	0.00 	1.00 	0.40 	0.60 	0.40 	0.30 	0.70 	0.90 	0.40 	0.40 	0.60 	1.20 	0.40 	0.00 
0.73 	0.73 	-0.01 	0.54 	0.70 	-0.10 	0.55 	0.00 	1.10 	2.97 	2.49 	1.50 	1.30 	2.65 	2.60 	0.04 	0.44 	3.00 	2.97 	1.69 	0.00 
0.24 	0.21 	0.25 	0.17 	0.22 	0.26 	0.19 	0.16 	0.21 	0.27 	0.28 	0.23 	0.25 	0.23 	0.17 	0.24 	0.21 	0.18 	0.19 	0.26 	0.00 
0.33 	-0.18 	-0.23 	-0.37 	0.07 	-0.25 	-0.41 	0.37 	-0.08 	0.15 	0.13 	-0.08 	-0.09 	-0.01 	0.37 	0.02 	0.14 	-0.01 	-0.14 	0.25 	0.00 
-0.11 	0.08 	-0.14 	-0.29 	-0.18 	-0.07 	-0.25 	-0.07 	0.32 	0.00 	-0.01 	0.05 	-0.04 	0.44 	-0.02 	-0.15 	-0.21 	0.49 	0.38 	-0.16 	0.00 
-0.06 	-0.17 	0.17 	-0.08 	0.38 	-0.03 	-0.18 	-0.02 	0.06 	-0.31 	-0.26 	-0.37 	0.08 	0.07 	-0.04 	0.47 	0.35 	0.05 	0.22 	-0.21 	0.00 
1.07 	1.03 	0.78 	0.68 	0.92 	0.98 	0.97 	0.59 	0.85 	1.14 	1.14 	0.94 	1.20 	1.09 	0.66 	0.76 	0.82 	1.11 	1.02 	0.95 	0.00 
8.00 	0.10 	0.10 	70.00 	26.00 	33.00 	6.00 	0.10 	0.10 	55.00 	33.00 	1.00 	54.00 	18.00 	42.00 	0.10 	0.10 	77.00 	66.00 	0.10 	0.00 
-0.40 	-0.59 	-0.92 	-1.31 	0.17 	-0.91 	-1.22 	-0.67 	-0.64 	1.25 	1.22 	-0.67 	1.02 	1.92 	-0.49 	-0.55 	-0.28 	0.50 	1.67 	0.91 	0.00 
1.42 	1.06 	0.71 	1.01 	0.73 	1.02 	1.63 	0.50 	1.20 	1.12 	1.29 	1.24 	1.21 	1.16 	0.65 	0.71 	0.78 	1.05 	0.67 	0.99 	0.00 
0.95 	1.13 	0.43 	1.31 	0.48 	1.62 	0.70 	0.36 	2.17 	1.28 	1.19 	1.20 	0.00 	0.96 	2.09 	0.52 	1.96 	1.93 	0.80 	0.41 	0.00 
0.79 	1.09 	0.83 	0.53 	1.27 	1.04 	0.64 	0.73 	0.86 	1.36 	1.11 	0.74 	1.09 	1.05 	1.25 	1.09 	1.21 	1.11 	1.34 	1.43 	0.00 
1.19 	0.80 	0.66 	1.06 	0.68 	1.29 	0.93 	1.02 	0.61 	0.60 	0.60 	1.06 	0.83 	0.38 	3.16 	1.44 	1.17 	0.45 	0.82 	0.64 	0.00 
0.50 	0.68 	2.07 	1.50 	1.35 	0.71 	0.65 	1.85 	1.47 	0.47 	0.66 	0.93 	0.43 	1.35 	0.18 	1.15 	0.75 	1.28 	1.28 	0.65 	0.00 
0.94 	1.73 	1.08 	1.64 	1.00 	1.08 	0.68 	0.90 	1.09 	0.18 	0.81 	1.25 	0.89 	0.80 	0.75 	1.15 	1.49 	0.80 	1.23 	0.63 	0.00 
0.29 	1.38 	3.17 	0.92 	1.77 	2.37 	0.29 	4.26 	1.06 	0.26 	0.00 	1.29 	0.00 	0.39 	0.00 	0.16 	0.22 	0.00 	0.65 	0.17 	0.00 
0.33 	2.09 	1.50 	3.38 	0.00 	0.00 	0.00 	0.50 	1.20 	2.08 	0.41 	0.84 	0.98 	1.34 	0.42 	1.09 	1.73 	1.78 	0.00 	0.95 	0.00 
0.95 	0.36 	1.20 	1.32 	0.93 	0.70 	1.01 	2.36 	0.53 	0.67 	0.76 	0.95 	1.03 	0.62 	0.58 	1.14 	0.86 	0.78 	0.91 	0.56 	0.00 
0.84 	0.94 	1.35 	1.37 	1.03 	1.00 	0.76 	1.35 	1.08 	0.46 	0.67 	1.05 	0.67 	0.88 	1.39 	1.26 	1.06 	0.88 	1.10 	0.64 	0.00 
0.14 	0.30 	0.20 	0.29 	0.16 	0.24 	0.18 	0.05 	0.22 	0.17 	0.22 	0.17 	0.24 	0.09 	0.15 	0.01 	0.10 	0.17 	0.07 	0.29 	0.00 
0.51 	0.46 	0.29 	0.22 	0.59 	0.38 	0.45 	0.39 	0.31 	0.11 	0.62 	0.56 	0.43 	0.08 	0.74 	0.69 	0.79 	0.16 	0.06 	0.36 	0.00 
0.16 	0.19 	0.39 	0.28 	0.19 	0.24 	0.21 	0.05 	0.23 	0.58 	0.08 	0.16 	0.20 	0.68 	0.37 	0.15 	0.07 	0.46 	0.74 	0.30 	0.00 
0.04 	0.10 	0.00 	0.13 	0.08 	0.08 	0.01 	0.00 	0.02 	0.00 	0.00 	0.04 	0.08 	0.09 	0.02 	0.08 	0.09 	0.05 	0.05 	0.01 	0.00 
0.00 	0.00 	0.00 	0.00 	0.00 	0.00 	0.00 	0.00 	0.00 	1.00 	1.00 	0.00 	0.00 	1.00 	0.00 	0.00 	0.00 	1.00 	1.00 	1.00 	0.00 
-12.04 	39.23 	4.25 	23.22 	3.95 	2.16 	16.81 	-7.85 	6.28 	-18.32 	-17.79 	9.71 	-8.86 	-21.98 	5.82 	-1.54 	-4.15 	-16.19 	-1.51 	-16.22 	0.00 
10.04 	6.18 	5.63 	5.76 	8.89 	5.41 	5.37 	7.99 	7.49 	8.72 	8.79 	4.40 	9.15 	7.98 	7.79 	7.08 	7.00 	8.07 	6.90 	8.88 	0.00 
0.89 	0.88 	0.89 	0.87 	0.85 	0.82 	0.84 	0.92 	0.83 	0.76 	0.73 	0.97 	0.74 	0.52 	0.82 	0.96 	0.92 	0.20 	0.49 	0.85 	0.00 
0.52 	0.49 	0.42 	0.37 	0.83 	0.35 	0.38 	0.41 	0.70 	0.79 	0.77 	0.31 	0.76 	0.87 	0.35 	0.49 	0.38 	0.86 	0.64 	0.72 	0.00 
0.16 	-0.20 	1.03 	-0.24 	-0.12 	-0.55 	-0.45 	-0.16 	-0.18 	-0.19 	-0.44 	-0.12 	-0.79 	-0.25 	-0.59 	-0.01 	0.05 	-0.33 	-0.42 	-0.46 	0.00 
0.15 	-0.37 	0.69 	-0.22 	-0.19 	-0.06 	0.14 	0.36 	-0.25 	0.02 	0.06 	-0.16 	0.11 	1.18 	0.11 	0.13 	0.28 	-0.12 	0.19 	-0.08 	0.00 
-0.07 	-0.40 	-0.57 	-0.80 	0.17 	-0.26 	-0.63 	0.27 	-0.49 	0.06 	-0.17 	-0.45 	0.03 	0.40 	-0.47 	-0.11 	0.09 	-0.61 	-0.61 	-0.11 	0.00 
7.00 	9.10 	10.00 	13.00 	5.50 	8.60 	12.50 	7.90 	8.40 	4.90 	4.90 	10.10 	5.30 	5.00 	6.60 	7.50 	6.60 	5.30 	5.70 	5.60 	0.00 
1.94 	-19.92 	-9.68 	-10.95 	-1.24 	-9.38 	-10.20 	2.39 	-10.27 	2.15 	2.28 	-9.52 	-1.48 	-0.76 	-3.68 	-5.06 	-4.88 	-5.88 	-6.11 	1.99 	0.00 
0.07 	2.88 	3.22 	3.64 	0.71 	2.18 	3.08 	2.23 	2.41 	-4.44 	-4.19 	2.84 	-2.49 	-4.92 	-1.22 	1.96 	0.92 	-4.75 	-1.39 	-2.69 	0.00 
-1.73 	2.52 	1.45 	1.13 	-0.97 	0.53 	0.39 	-5.36 	1.74 	-1.68 	-1.03 	1.41 	-0.27 	1.30 	0.88 	-1.63 	-2.09 	3.65 	2.32 	-2.53 	0.00 
0.09 	-3.44 	0.84 	2.36 	4.13 	-1.14 	-0.07 	0.30 	1.11 	-1.03 	-0.98 	-3.14 	-0.41 	0.45 	2.23 	0.57 	-1.40 	0.85 	0.01 	-1.29 	0.00 
8.50 	0.00 	8.20 	8.50 	11.00 	6.30 	8.80 	7.10 	10.10 	16.80 	15.00 	7.90 	13.30 	11.20 	8.20 	7.40 	8.80 	9.90 	8.80 	12.00 	0.00 
6.80 	0.00 	6.20 	7.00 	8.30 	8.50 	4.90 	6.40 	9.20 	10.00 	12.20 	7.50 	8.40 	8.30 	6.90 	8.00 	7.00 	5.70 	6.80 	9.40 	0.00 
18.08 	0.00 	17.47 	17.36 	18.17 	17.93 	18.16 	18.24 	18.49 	18.62 	18.60 	17.96 	18.11 	17.30 	18.16 	17.57 	17.54 	17.19 	17.99 	18.30 	0.00 
18.56 	0.00 	18.24 	17.94 	17.84 	18.51 	17.97 	18.57 	18.64 	19.21 	19.01 	18.36 	18.49 	17.95 	18.77 	18.06 	17.71 	16.87 	18.23 	18.98 	0.00 
-0.15 	-0.09 	-0.20 	-0.36 	0.00 	-0.18 	-0.41 	-0.19 	0.00 	-0.09 	-0.10 	-0.06 	-0.11 	0.00 	-0.18 	-0.20 	-0.17 	0.28 	0.00 	-0.13 	0.00 
0.83 	0.83 	0.09 	0.64 	1.48 	0.00 	0.65 	0.10 	1.10 	3.07 	2.52 	1.60 	1.40 	2.75 	2.70 	0.14 	0.54 	0.31 	2.97 	1.79 	0.00 
11.50 	14.28 	12.82 	11.68 	13.46 	14.45 	13.57 	3.40 	13.69 	21.40 	21.40 	15.71 	16.25 	19.80 	17.43 	9.47 	15.77 	21.67 	18.03 	21.57 	0.00 
0.00 	52.00 	3.38 	49.70 	1.48 	3.53 	49.90 	0.00 	51.60 	0.13 	0.13 	49.50 	1.43 	0.35 	1.58 	1.67 	1.66 	2.10 	1.61 	0.13 	0.00 
6.00 	10.76 	5.41 	2.77 	5.05 	5.65 	3.22 	5.97 	7.59 	6.02 	5.98 	9.74 	5.74 	5.48 	6.30 	5.68 	5.66 	5.89 	5.66 	5.96 	0.00 
9.90 	4.60 	5.40 	2.80 	2.80 	9.00 	3.20 	5.60 	8.20 	17.10 	17.60 	3.50 	14.90 	18.80 	14.80 	6.90 	9.50 	17.10 	15.00 	14.30 	0.00 
0.94 	1.15 	0.79 	1.19 	0.60 	0.94 	1.41 	1.18 	1.15 	1.07 	0.95 	1.03 	0.88 	1.06 	1.18 	0.69 	0.87 	0.91 	1.04 	0.90 	0.00 
0.98 	1.14 	1.05 	1.05 	0.41 	0.90 	1.04 	1.25 	1.01 	0.88 	0.80 	1.06 	1.12 	1.12 	1.31 	1.02 	0.80 	0.90 	1.12 	0.87 	0.00 
1.05 	0.81 	0.91 	1.39 	0.60 	0.87 	1.11 	1.26 	1.43 	0.95 	0.96 	0.97 	0.99 	0.95 	1.05 	0.96 	1.03 	1.06 	0.94 	0.62 	0.00 
0.75 	0.90 	1.24 	1.72 	0.66 	1.08 	1.10 	1.14 	0.96 	0.80 	1.01 	0.66 	1.02 	0.88 	1.33 	1.20 	1.13 	0.68 	0.80 	0.58 	0.00 
0.67 	0.76 	1.28 	1.58 	0.37 	1.05 	0.94 	0.98 	0.83 	0.78 	0.79 	0.84 	0.98 	0.96 	1.12 	1.25 	1.41 	0.94 	0.82 	0.67 	0.00 
1.10 	1.05 	0.72 	1.14 	0.26 	1.31 	2.30 	0.55 	0.83 	1.06 	0.84 	1.08 	0.90 	0.90 	1.67 	0.81 	0.77 	1.26 	0.99 	0.76 	0.00 
1.39 	0.95 	0.67 	1.64 	0.52 	1.60 	2.07 	0.65 	1.36 	0.64 	0.91 	0.80 	1.10 	1.00 	0.94 	0.69 	0.92 	1.10 	0.73 	0.70 	0.00 
1.43 	1.33 	0.55 	0.90 	0.52 	1.43 	1.70 	0.56 	0.66 	1.18 	1.52 	0.82 	1.68 	1.10 	0.15 	0.61 	0.75 	1.68 	0.65 	1.14 	0.00 
1.55 	1.39 	0.60 	0.61 	0.59 	1.43 	1.34 	0.37 	0.89 	1.47 	1.36 	1.27 	2.13 	1.39 	0.03 	0.44 	0.65 	1.10 	0.93 	1.18 	0.00 
1.80 	1.73 	0.73 	0.90 	0.55 	0.97 	1.73 	0.32 	0.46 	1.09 	1.47 	1.24 	1.64 	0.96 	0.15 	0.67 	0.70 	0.68 	0.91 	0.81 	0.00 
1.52 	1.49 	0.58 	1.04 	0.26 	1.41 	1.76 	0.30 	0.83 	1.25 	1.26 	1.10 	1.14 	1.14 	0.44 	0.66 	0.73 	0.68 	1.04 	1.03 	0.00 
1.49 	1.41 	0.67 	0.94 	0.37 	1.52 	1.55 	0.29 	0.96 	1.04 	1.40 	1.17 	1.84 	0.86 	0.20 	0.68 	0.79 	1.52 	1.06 	0.94 	0.00 
1.73 	1.24 	0.70 	0.68 	0.63 	0.88 	1.16 	0.32 	0.76 	1.15 	1.80 	1.22 	2.21 	1.35 	0.07 	0.65 	0.46 	1.57 	1.10 	0.94 	0.00 
1.33 	1.39 	0.64 	0.60 	0.44 	1.37 	1.43 	0.20 	1.02 	1.58 	1.63 	1.71 	1.76 	1.22 	0.07 	0.42 	0.57 	1.00 	1.02 	1.08 	0.00 
1.87 	1.66 	0.70 	0.91 	0.33 	1.24 	1.88 	0.33 	0.89 	0.90 	1.65 	1.63 	1.35 	0.67 	0.03 	0.71 	0.50 	1.00 	0.73 	0.51 	0.00 
1.19 	1.45 	1.33 	0.72 	0.44 	1.43 	1.27 	0.74 	1.55 	0.61 	1.36 	1.45 	1.35 	1.20 	0.10 	1.02 	0.82 	0.58 	1.06 	0.46 	0.00 
0.77 	1.11 	1.39 	0.79 	0.44 	0.95 	0.92 	2.74 	1.65 	0.64 	0.66 	1.19 	0.74 	1.04 	0.66 	0.64 	0.82 	0.58 	0.93 	0.53 	0.00 
0.93 	0.96 	0.82 	1.15 	0.67 	1.02 	1.07 	1.08 	1.40 	1.14 	1.16 	1.27 	1.11 	1.05 	1.01 	0.71 	0.84 	1.06 	1.15 	0.74 	0.00 
1.09 	1.29 	1.03 	1.17 	0.26 	1.08 	1.31 	0.97 	0.88 	0.97 	0.87 	1.13 	0.96 	0.84 	2.01 	0.76 	0.79 	0.91 	0.64 	0.77 	0.00 
0.71 	1.09 	0.95 	1.43 	0.65 	0.87 	1.19 	1.07 	1.13 	1.05 	0.84 	1.10 	0.80 	0.95 	1.70 	0.65 	0.09 	1.25 	0.85 	1.12 	0.00 
13.40 	13.30 	12.00 	11.70 	11.60 	12.80 	12.20 	11.30 	11.60 	12.00 	13.00 	13.00 	12.80 	12.10 	6.50 	12.20 	11.70 	12.40 	12.10 	11.90 	0.00 
-0.77 	-0.68 	-0.07 	-0.15 	-0.23 	-0.33 	-0.27 	0.00 	-0.06 	-0.23 	-0.62 	-0.65 	-0.50 	-0.41 	3.00 	-0.35 	-0.11 	-0.45 	-0.17 	-0.14 	0.00 
0.98 	1.01 	1.05 	1.07 	0.91 	1.04 	1.09 	1.03 	0.95 	0.93 	0.94 	1.10 	0.95 	0.92 	1.05 	1.05 	1.00 	0.90 	0.93 	0.93 	0.00 
1.32 	1.31 	1.38 	1.37 	1.20 	1.34 	1.38 	1.38 	1.28 	1.24 	1.23 	1.37 	1.27 	1.25 	1.34 	1.38 	1.32 	1.19 	1.20 	1.24 	0.00 
0.99 	1.03 	1.02 	1.02 	0.94 	1.04 	1.05 	1.02 	0.97 	0.98 	0.98 	1.03 	0.96 	0.93 	1.05 	1.03 	1.00 	0.94 	0.98 	0.97 	0.00 
0.78 	0.81 	0.80 	0.82 	0.79 	0.82 	0.83 	0.78 	0.78 	0.78 	0.78 	0.83 	0.81 	0.77 	0.81 	0.81 	0.80 	0.80 	0.79 	0.78 	0.00 
0.42 	0.50 	0.91 	0.87 	0.88 	0.59 	0.17 	1.16 	0.80 	0.57 	0.49 	0.62 	0.44 	0.71 	1.95 	0.93 	0.88 	0.69 	0.78 	0.71 	0.00 
0.62 	0.75 	1.09 	0.93 	1.11 	0.77 	0.68 	1.36 	1.03 	0.88 	0.74 	0.78 	0.74 	0.97 	1.78 	0.97 	1.05 	0.91 	1.01 	0.94 	0.00 
1.08 	0.98 	1.20 	1.27 	0.73 	1.05 	1.09 	1.10 	0.91 	0.58 	0.79 	1.03 	0.81 	0.69 	1.41 	0.99 	0.78 	0.76 	0.67 	0.55 	0.00 
0.98 	0.78 	0.92 	1.04 	0.57 	0.86 	0.96 	1.41 	0.72 	0.50 	0.77 	0.84 	0.73 	0.59 	2.61 	0.78 	0.57 	0.67 	0.56 	0.44 	0.00 
1.40 	1.23 	1.61 	1.89 	1.14 	1.33 	1.42 	2.06 	1.25 	1.02 	1.33 	1.34 	1.12 	1.07 	3.90 	1.20 	0.99 	1.10 	0.98 	0.87 	0.00 
4.08 	3.91 	3.83 	3.02 	4.49 	3.67 	2.23 	4.24 	4.08 	4.52 	4.81 	3.77 	4.48 	5.38 	3.80 	4.12 	4.11 	6.10 	5.19 	4.18 	0.00 
-0.35 	-0.44 	-0.38 	-0.41 	-0.47 	-0.40 	-0.41 	0.00 	-0.46 	-0.56 	-0.48 	-0.41 	-0.46 	-0.55 	-0.23 	-0.39 	-0.48 	-0.48 	-0.50 	-0.53 	0.00 
0.50 	1.70 	1.70 	1.60 	0.60 	1.60 	1.60 	1.30 	1.60 	0.60 	0.40 	1.60 	0.50 	0.40 	1.70 	0.70 	0.40 	0.70 	0.60 	0.50 	0.00 
0.96 	0.77 	0.39 	0.42 	0.42 	0.80 	0.53 	0.00 	0.57 	0.84 	0.92 	0.73 	0.86 	0.59 	-2.50 	0.53 	0.54 	0.58 	0.72 	0.63 	0.00 
0.34 	0.35 	0.41 	0.43 	0.32 	0.40 	0.41 	0.39 	0.31 	0.30 	0.29 	0.43 	0.29 	0.29 	0.43 	0.42 	0.36 	0.27 	0.22 	0.31 	0.00 
0.32 	0.33 	0.38 	0.42 	0.20 	0.44 	0.51 	0.37 	0.30 	0.31 	0.34 	0.45 	0.31 	0.31 	0.35 	0.38 	0.34 	0.29 	0.29 	0.29 	0.00 
8.90 	4.60 	4.40 	6.30 	0.60 	2.80 	6.90 	9.40 	2.20 	7.00 	7.40 	6.10 	2.30 	3.30 	4.20 	4.00 	5.70 	1.30 	4.50 	8.20 	0.00 
9.20 	3.60 	5.10 	6.00 	1.00 	2.90 	6.00 	9.40 	2.10 	6.00 	7.70 	6.50 	2.40 	3.40 	4.20 	5.50 	5.70 	1.20 	3.70 	8.20 	0.00 
14.10 	5.50 	3.20 	5.70 	0.10 	3.70 	8.80 	4.10 	2.00 	7.10 	9.10 	7.70 	3.30 	5.00 	0.70 	3.90 	4.40 	1.20 	4.50 	5.90 	0.00 
13.40 	3.90 	3.70 	4.60 	0.80 	4.80 	7.80 	4.60 	3.30 	6.50 	10.60 	7.50 	3.00 	4.50 	1.30 	3.80 	4.60 	1.00 	3.30 	7.10 	0.00 
9.80 	7.30 	3.60 	4.90 	3.00 	2.40 	4.40 	0.00 	11.90 	17.20 	17.00 	10.50 	11.90 	23.00 	15.00 	2.60 	6.90 	24.20 	17.20 	15.30 	0.00 
0.70 	0.95 	1.47 	0.87 	1.17 	0.73 	0.96 	0.64 	1.39 	1.29 	1.44 	0.91 	0.91 	1.34 	0.12 	0.84 	0.74 	1.80 	1.68 	1.20 	0.00 
58.00 	-184.00 	-93.00 	-97.00 	116.00 	-139.00 	-131.00 	-11.00 	-73.00 	107.00 	95.00 	-24.00 	78.00 	92.00 	-79.00 	-34.00 	-7.00 	59.00 	-11.00 	100.00 	0.00 
51.00 	-144.00 	-84.00 	-78.00 	137.00 	-128.00 	-115.00 	-13.00 	-55.00 	106.00 	103.00 	-205.00 	73.00 	108.00 	-79.00 	-26.00 	-3.00 	69.00 	11.00 	108.00 	0.00 
41.00 	-109.00 	-74.00 	-47.00 	169.00 	-104.00 	-90.00 	-18.00 	-35.00 	104.00 	103.00 	-148.00 	77.00 	128.00 	-81.00 	-31.00 	10.00 	102.00 	36.00 	116.00 	0.00 
32.00 	-95.00 	-73.00 	-29.00 	182.00 	-95.00 	-74.00 	-22.00 	-25.00 	106.00 	104.00 	-124.00 	82.00 	132.00 	-82.00 	-34.00 	20.00 	118.00 	44.00 	113.00 	0.00 
24.00 	-79.00 	-76.00 	0.00 	194.00 	-87.00 	-57.00 	-28.00 	-31.00 	102.00 	103.00 	-9.00 	90.00 	131.00 	-85.00 	-36.00 	34.00 	116.00 	43.00 	111.00 	0.00 
5.00 	-57.00 	-77.00 	45.00 	224.00 	-67.00 	-8.00 	-47.00 	-50.00 	83.00 	82.00 	-38.00 	83.00 	117.00 	-103.00 	-41.00 	79.00 	130.00 	27.00 	117.00 	0.00 
-2.00 	-41.00 	-97.00 	248.00 	329.00 	-37.00 	117.00 	-66.00 	-70.00 	28.00 	36.00 	115.00 	62.00 	120.00 	-132.00 	-52.00 	174.00 	179.00 	-7.00 	114.00 	0.00 
0.40 	1.50 	1.60 	15.00 	0.70 	1.40 	1.30 	1.10 	1.40 	0.50 	0.30 	1.40 	0.50 	0.30 	1.60 	0.90 	0.70 	0.90 	0.90 	0.40 	0.00 
-0.04 	-0.30 	0.25 	0.27 	0.57 	-0.02 	-0.33 	1.24 	-0.11 	-0.26 	-0.38 	-0.18 	-0.09 	-0.01 	0.00 	0.15 	0.39 	0.21 	0.05 	-0.06 	0.00 
-0.12 	0.34 	1.05 	1.12 	-0.63 	1.67 	0.91 	0.76 	1.34 	-0.77 	0.15 	0.29 	-0.71 	-0.67 	0.00 	1.45 	-0.70 	-0.14 	-0.49 	-0.70 	0.00 
8.60 	4.20 	4.60 	4.90 	2.90 	4.00 	5.10 	7.80 	2.10 	4.60 	8.80 	6.30 	2.50 	3.70 	4.90 	7.30 	6.00 	1.40 	3.60 	6.70 	0.00 
7.60 	5.00 	4.40 	5.20 	2.20 	4.10 	6.20 	6.90 	2.10 	5.10 	9.40 	5.80 	2.10 	4.00 	5.40 	7.20 	6.10 	1.40 	3.20 	6.70 	0.00 
8.10 	4.60 	3.70 	3.80 	2.00 	3.10 	4.60 	7.00 	2.00 	6.70 	11.00 	4.40 	2.80 	5.60 	4.70 	7.30 	5.60 	1.80 	3.30 	7.70 	0.00 
7.90 	4.90 	4.00 	5.50 	1.90 	4.40 	7.10 	7.10 	2.10 	5.20 	8.60 	6.70 	2.40 	3.90 	5.30 	6.60 	5.30 	1.20 	3.10 	6.80 	0.00 
8.30 	8.70 	3.70 	4.70 	1.60 	4.70 	6.50 	6.30 	2.10 	3.70 	7.40 	7.90 	2.30 	2.70 	6.90 	8.80 	5.10 	0.70 	2.40 	5.30 	0.00 
4.47 	8.48 	3.89 	7.05 	0.29 	2.87 	16.56 	8.29 	1.74 	3.30 	5.06 	12.98 	1.71 	2.32 	5.41 	4.27 	3.83 	0.67 	2.75 	4.05 	0.00 
6.77 	6.87 	5.50 	8.57 	0.31 	5.24 	12.93 	7.95 	2.80 	2.72 	4.43 	10.20 	1.87 	1.92 	4.79 	5.41 	5.36 	0.54 	2.26 	3.57 	0.00 
7.43 	4.51 	9.12 	8.71 	0.42 	5.42 	5.86 	9.40 	1.49 	1.76 	2.74 	9.67 	0.60 	1.18 	5.60 	9.60 	8.95 	1.18 	3.26 	3.10 	0.00 
5.22 	7.30 	6.06 	7.91 	1.01 	6.00 	10.66 	5.81 	2.27 	2.36 	4.52 	12.68 	1.85 	1.68 	5.70 	6.99 	5.16 	0.56 	2.16 	4.10 	0.00 
9.88 	3.71 	2.35 	3.50 	1.12 	1.66 	4.02 	6.88 	1.88 	10.08 	13.21 	3.39 	2.44 	5.27 	3.80 	4.10 	4.98 	1.11 	4.07 	12.53 	0.00 
10.98 	3.26 	2.85 	3.37 	1.47 	2.30 	3.51 	7.48 	2.20 	9.74 	12.79 	2.54 	3.10 	4.97 	3.42 	4.93 	5.55 	1.28 	3.55 	10.69 	0.00 
9.95 	3.05 	4.84 	4.46 	1.30 	2.64 	2.58 	8.87 	1.99 	7.73 	9.66 	2.00 	2.45 	5.41 	3.20 	6.03 	5.62 	2.60 	6.15 	9.46 	0.00 
8.26 	2.80 	2.54 	2.80 	2.67 	2.86 	2.67 	5.62 	1.98 	8.95 	16.46 	1.89 	2.67 	7.32 	3.30 	6.00 	5.00 	2.01 	3.96 	10.24 	0.00 
7.39 	5.91 	3.06 	5.14 	0.74 	2.22 	9.80 	7.53 	1.82 	6.96 	9.45 	7.81 	2.10 	3.91 	4.54 	4.18 	4.45 	0.90 	3.46 	8.62 	0.00 
9.07 	4.90 	4.05 	5.73 	0.95 	3.63 	7.77 	7.69 	2.47 	6.56 	9.00 	6.01 	2.54 	3.59 	4.04 	5.15 	5.46 	0.95 	2.96 	7.47 	0.00 
8.82 	3.71 	6.77 	6.38 	0.90 	3.89 	4.05 	9.11 	1.77 	5.05 	6.54 	5.45 	1.62 	3.51 	4.28 	7.64 	7.12 	1.96 	4.85 	6.60 	0.00 
6.65 	5.17 	4.40 	5.50 	1.79 	4.52 	6.89 	5.72 	2.13 	5.47 	10.15 	7.59 	2.24 	4.34 	4.56 	6.52 	5.08 	1.24 	3.01 	7.00 	0.00 
0.16 	0.22 	0.12 	0.21 	0.32 	0.27 	0.21 	0.08 	0.32 	0.47 	0.32 	0.26 	0.36 	0.41 	0.00 	0.29 	0.41 	0.33 	0.35 	0.52 	0.00 
0.24 	0.23 	0.19 	0.17 	0.26 	0.31 	0.31 	-0.17 	0.26 	0.39 	0.29 	0.23 	0.37 	0.33 	0.00 	0.20 	0.31 	0.20 	0.22 	0.44 	0.00 
-0.49 	-0.43 	-0.39 	-0.38 	-0.35 	-0.42 	-0.38 	-0.65 	-0.36 	-0.27 	-0.45 	-0.41 	-0.38 	-0.31 	0.00 	-0.43 	-0.24 	-0.33 	-0.29 	-0.22 	0.00 
-0.87 	-0.73 	-0.74 	-0.74 	-0.67 	-0.73 	-0.77 	-0.82 	-0.69 	-0.62 	-0.80 	-0.72 	-0.72 	-0.65 	0.00 	-0.68 	-0.63 	-0.67 	-0.66 	-0.60 	0.00 
-0.39 	-0.32 	-0.27 	-0.25 	-0.22 	-0.29 	-0.26 	-0.57 	-0.24 	-0.14 	-0.28 	-0.29 	-0.27 	-0.19 	0.00 	-0.28 	-0.15 	-0.21 	-0.16 	-0.08 	0.00 
-0.38 	-0.37 	-0.25 	-0.11 	-0.21 	-0.29 	-0.17 	-0.56 	-0.30 	-0.13 	-0.27 	-0.34 	-0.26 	-0.19 	0.00 	-0.25 	-0.09 	-0.19 	-0.15 	-0.08 	0.00 
-0.73 	-0.54 	-0.60 	-0.55 	-0.41 	-0.49 	-0.53 	-0.86 	-0.52 	-0.36 	-0.46 	-0.51 	-0.52 	-0.45 	0.00 	-0.28 	-0.37 	-0.46 	-0.44 	-0.32 	0.00 
-0.62 	-0.57 	-0.62 	-0.63 	-0.57 	-0.56 	-0.57 	-0.68 	-0.51 	-0.20 	-0.53 	-0.58 	-0.57 	-0.46 	0.00 	-0.46 	-0.23 	-0.33 	-0.45 	-0.26 	0.00 
-0.38 	-0.28 	-0.40 	-0.41 	-0.44 	-0.36 	-0.36 	-0.39 	-0.35 	-0.19 	-0.32 	-0.41 	-0.31 	-0.24 	0.00 	-0.37 	-0.24 	-0.11 	-0.17 	-0.36 	0.00 
0.00 	0.62 	0.76 	0.66 	0.83 	0.59 	0.73 	0.00 	0.92 	0.88 	0.89 	0.77 	0.77 	0.92 	0.94 	0.58 	0.73 	0.86 	0.93 	0.88 	0.00 
0.00 	2.45 	0.00 	0.00 	0.00 	1.25 	1.27 	0.00 	1.45 	0.00 	0.00 	3.67 	0.00 	0.00 	0.00 	0.00 	0.00 	6.93 	5.06 	0.00 	0.00 
89.30 	190.30 	122.40 	114.40 	102.50 	146.90 	138.80 	63.80 	157.50 	163.00 	163.10 	165.10 	165.80 	190.80 	121.60 	94.20 	119.60 	226.40 	194.60 	138.20 	0.00 
90.00 	194.00 	124.70 	117.30 	103.30 	149.40 	142.20 	64.90 	160.00 	163.90 	164.00 	167.30 	167.00 	191.90 	122.90 	95.40 	121.50 	228.20 	197.00 	139.00 	0.00 
0.04 	0.10 	0.00 	0.13 	0.08 	0.08 	0.01 	0.01 	0.02 	0.00 	0.00 	0.04 	0.08 	0.09 	0.02 	0.08 	0.09 	0.05 	0.05 	0.01 	0.00 
0.85 	0.20 	-0.48 	-1.10 	2.10 	-0.42 	-0.79 	0.00 	0.22 	3.14 	1.99 	-1.19 	1.42 	1.69 	-1.14 	-0.52 	-0.08 	1.76 	1.37 	2.53 	0.00 
0.06 	-0.85 	0.25 	-0.20 	0.49 	0.31 	-0.10 	0.21 	-2.24 	3.48 	3.50 	-1.62 	0.21 	4.80 	0.71 	-0.62 	0.65 	2.29 	1.89 	1.59 	0.00 
2.62 	1.26 	-1.27 	-2.84 	0.73 	-1.69 	-0.45 	-1.15 	-0.74 	4.38 	6.57 	-2.78 	-3.12 	9.14 	-0.12 	-1.39 	1.81 	5.91 	1.39 	2.30 	0.00 
-1.64 	-3.28 	0.83 	0.70 	9.30 	-0.04 	1.18 	-1.85 	7.17 	3.02 	0.83 	-2.36 	4.26 	-1.36 	3.12 	1.59 	2.31 	2.61 	2.37 	0.52 	0.00 
-2.34 	1.60 	2.81 	-0.48 	5.03 	0.16 	1.30 	-1.06 	-3.00 	7.26 	1.09 	1.56 	0.62 	2.57 	-0.15 	1.93 	0.19 	3.59 	-2.58 	2.06 	0.00 
0.78 	1.58 	1.20 	1.35 	0.55 	1.19 	1.45 	0.68 	0.99 	0.47 	0.56 	1.10 	0.66 	0.47 	0.69 	1.00 	1.05 	0.70 	1.00 	0.51 	0.00 
25.00 	-7.00 	-7.00 	2.00 	32.00 	0.00 	14.00 	-2.00 	-26.00 	91.00 	100.00 	-26.00 	68.00 	100.00 	25.00 	-2.00 	7.00 	109.00 	56.00 	62.00 	0.00 
1.10 	-5.10 	-3.50 	-3.60 	2.50 	-3.68 	-3.20 	-0.64 	-3.20 	4.50 	3.80 	-4.11 	1.90 	2.80 	-1.90 	-0.50 	-0.70 	-0.46 	-1.30 	4.20 	0.00 
0.14 	0.04 	-0.03 	-0.12 	0.27 	0.03 	-0.05 	-0.05 	0.05 	0.42 	0.43 	-0.01 	0.17 	0.41 	0.00 	-0.04 	0.06 	0.24 	0.32 	0.41 	0.00 
0.07 	0.04 	-0.04 	-0.06 	0.36 	0.01 	-0.03 	-0.06 	0.09 	0.38 	0.38 	-0.01 	0.16 	0.42 	-0.05 	-0.03 	0.02 	0.41 	0.31 	0.29 	0.00 
0.15 	-0.01 	0.04 	0.00 	0.32 	0.02 	-0.06 	0.02 	0.13 	0.42 	0.39 	-0.02 	0.22 	0.35 	0.08 	0.00 	0.15 	0.27 	0.30 	0.40 	0.00 
-0.06 	0.00 	0.03 	0.02 	0.45 	-0.07 	-0.13 	0.33 	0.20 	0.06 	0.14 	-0.11 	0.28 	0.24 	-0.48 	-0.18 	-0.16 	0.56 	0.32 	-0.05 	0.00 
-0.17 	0.37 	0.18 	0.37 	-0.06 	0.26 	0.15 	0.01 	-0.02 	-0.28 	-0.28 	0.32 	-0.26 	-0.41 	0.13 	0.05 	0.02 	-0.15 	-0.09 	-0.17 	0.00 
-0.15 	0.32 	0.22 	0.41 	-0.15 	0.03 	0.30 	0.08 	0.06 	-0.29 	-0.36 	0.24 	-0.19 	-0.22 	0.15 	0.16 	-0.08 	-0.28 	-0.03 	-0.24 	0.00 
0.96 	1.14 	0.94 	0.92 	0.78 	1.05 	1.05 	0.84 	1.01 	0.92 	1.09 	0.94 	1.03 	1.12 	1.30 	0.95 	1.02 	0.90 	1.00 	0.96 	0.00 
0.97 	1.13 	0.99 	0.89 	0.97 	1.09 	1.05 	0.85 	0.95 	0.93 	1.11 	0.95 	0.92 	1.12 	1.36 	0.93 	1.02 	0.88 	0.90 	0.92 	0.00 
0.94 	1.14 	0.90 	0.86 	0.69 	0.92 	1.14 	0.89 	1.11 	0.99 	1.00 	0.95 	1.08 	1.11 	1.27 	0.96 	1.02 	0.97 	1.16 	0.96 	0.00 
1.04 	1.07 	0.83 	0.97 	0.50 	1.11 	0.99 	0.74 	1.03 	0.85 	1.19 	0.98 	1.00 	0.98 	1.33 	0.98 	0.99 	0.96 	1.12 	1.00 	0.00 
1.07 	1.13 	0.76 	0.84 	1.02 	0.86 	0.74 	1.02 	0.97 	1.19 	1.19 	0.48 	1.37 	1.37 	1.24 	1.10 	0.82 	1.02 	0.84 	1.14 	0.00 
0.99 	1.13 	0.87 	0.92 	0.64 	1.00 	1.05 	0.79 	1.05 	0.95 	1.11 	1.00 	1.09 	1.12 	1.31 	0.91 	0.99 	0.94 	1.09 	0.96 	0.00 
0.89 	1.15 	1.14 	0.93 	1.04 	1.20 	1.12 	0.92 	0.99 	0.82 	0.99 	0.94 	0.78 	1.06 	1.31 	0.99 	1.11 	0.84 	0.87 	0.90 	0.00 
1.09 	1.24 	0.93 	0.92 	0.66 	1.12 	1.20 	0.70 	1.01 	0.91 	1.28 	1.01 	1.17 	1.09 	0.80 	0.89 	0.83 	0.98 	1.08 	0.91 	0.00 
0.84 	1.04 	0.96 	0.91 	0.90 	0.97 	0.90 	0.98 	1.05 	0.95 	0.89 	0.89 	0.88 	1.15 	1.82 	1.00 	1.19 	0.85 	0.95 	1.00 	0.00 
2.18 	2.71 	1.85 	1.75 	3.89 	2.16 	1.89 	1.17 	2.51 	4.50 	4.71 	2.12 	3.63 	5.88 	2.09 	1.66 	2.18 	6.46 	5.01 	3.77 	0.00 
1.79 	3.20 	2.83 	2.33 	2.22 	2.37 	2.52 	0.70 	3.06 	4.59 	4.72 	2.50 	3.91 	4.84 	2.45 	1.82 	2.45 	5.64 	4.46 	3.67 	0.00 
13.40 	8.50 	7.60 	8.20 	22.60 	8.50 	7.30 	7.00 	11.30 	20.30 	20.80 	6.10 	15.70 	23.90 	9.90 	8.20 	10.30 	24.50 	19.50 	19.50 	0.00 
0.02 	-0.08 	-0.08 	-0.13 	0.57 	-0.11 	-0.18 	-0.04 	0.16 	0.28 	0.25 	-0.21 	0.02 	0.36 	-0.42 	-0.16 	-0.07 	0.38 	0.25 	0.18 	0.00 
90.10 	192.80 	127.50 	117.10 	113.20 	149.40 	140.80 	63.80 	159.30 	164.90 	164.60 	170.00 	167.70 	193.50 	123.10 	94.20 	120.00 	197.10 	231.70 	139.10 	0.00 
91.50 	196.10 	138.30 	135.20 	114.40 	156.40 	154.60 	67.50 	163.20 	162.60 	163.40 	162.50 	165.90 	198.80 	123.40 	102.00 	126.00 	209.80 	237.20 	138.40 	0.00 
1.08 	1.36 	1.06 	1.29 	0.75 	0.73 	1.12 	1.35 	0.99 	0.93 	1.05 	1.11 	0.97 	0.87 	0.82 	1.34 	0.87 	0.67 	0.53 	1.13 	0.00 
1.12 	-2.55 	-0.83 	-0.83 	0.59 	-0.78 	-0.92 	1.20 	-0.93 	1.16 	1.18 	-0.80 	0.55 	0.67 	0.54 	-0.05 	-0.02 	-0.19 	-0.23 	1.13 	0.00 
1.38 	0.00 	0.37 	0.52 	1.43 	0.22 	0.71 	1.34 	0.66 	2.32 	1.47 	0.15 	1.78 	1.72 	0.85 	0.86 	0.89 	0.82 	0.47 	1.99 	0.00 
-0.27 	1.87 	0.81 	0.81 	-1.05 	1.10 	1.17 	-0.16 	0.28 	-0.77 	-1.10 	1.70 	-0.73 	-1.43 	-0.75 	0.42 	0.63 	-1.57 	-0.56 	-0.40 	0.00 
0.05 	0.12 	0.29 	0.41 	-0.84 	0.46 	0.38 	0.31 	-0.41 	-0.69 	-0.62 	0.57 	-0.38 	-0.45 	0.46 	0.12 	0.38 	-0.98 	-0.25 	-0.46 	0.00 
0.54 	-0.16 	0.38 	0.65 	-1.13 	0.05 	0.38 	0.00 	-0.59 	-2.15 	-1.08 	0.48 	-0.97 	-1.51 	-0.22 	0.65 	0.27 	-1.61 	-1.13 	-0.75 	0.00 
-0.31 	1.30 	0.49 	0.58 	-0.87 	0.70 	0.68 	-0.33 	0.13 	-0.66 	-0.53 	1.79 	-0.38 	-0.45 	0.34 	0.10 	0.21 	-0.27 	0.40 	-0.62 	0.00 
-0.27 	2.00 	0.61 	0.50 	-0.23 	1.00 	0.33 	-0.22 	0.37 	-0.80 	-0.44 	1.17 	-0.31 	-0.55 	0.36 	0.17 	0.18 	0.05 	0.48 	-0.65 	0.00 
0.39 	0.00 	-1.91 	-0.71 	0.25 	-1.30 	-0.18 	0.00 	-0.60 	1.82 	1.82 	0.32 	0.96 	2.27 	0.00 	-1.24 	-1.00 	2.13 	1.47 	1.30 	0.00 
0.39 	-3.95 	-1.91 	-3.81 	0.25 	-1.30 	-2.91 	0.00 	-0.64 	1.82 	1.82 	-2.77 	0.96 	2.27 	0.00 	-1.24 	-1.00 	2.13 	1.47 	1.30 	0.00 
0.18 	-5.40 	-1.30 	-2.36 	0.27 	-1.22 	-2.10 	0.09 	-1.48 	0.37 	0.41 	-2.53 	0.44 	0.50 	-0.20 	-0.40 	-0.34 	-0.01 	-0.08 	0.32 	0.00 
0.42 	-1.56 	-1.03 	-0.51 	0.84 	-0.96 	-0.37 	0.00 	-2.28 	1.81 	1.80 	-2.03 	1.18 	1.74 	0.86 	-0.64 	-0.26 	1.46 	0.51 	1.34 	0.00 
0.62 	0.00 	0.24 	0.03 	0.68 	0.25 	0.04 	0.50 	0.17 	0.94 	0.94 	0.28 	0.74 	1.00 	0.71 	0.36 	0.45 	0.88 	0.88 	0.83 	0.00 
0.20 	-0.70 	-0.50 	-1.40 	1.90 	-1.10 	-1.30 	-0.10 	0.40 	1.40 	0.50 	-1.60 	0.50 	1.00 	-1.00 	-0.70 	-0.40 	1.60 	0.50 	0.70 	0.00 
50.76 	48.66 	45.80 	43.17 	58.74 	46.09 	43.48 	50.27 	49.33 	57.30 	53.89 	42.92 	52.75 	53.45 	45.39 	47.24 	49.26 	53.59 	51.79 	56.12 	0.00 
-0.41 	-0.58 	-0.92 	-1.31 	0.16 	-0.91 	-1.22 	-0.68 	-0.63 	1.24 	1.22 	-0.67 	1.02 	1.94 	-0.50 	-0.56 	-0.29 	0.51 	1.70 	0.90 	0.00 
-0.96 	0.75 	-1.94 	-5.68 	4.54 	-5.30 	-3.86 	-1.28 	-0.62 	5.54 	6.81 	-5.62 	4.76 	5.06 	-4.47 	-1.92 	-3.99 	0.21 	3.34 	5.39 	0.00 
-0.26 	0.08 	-0.46 	-1.30 	0.83 	-0.83 	-0.73 	-0.40 	-0.18 	1.10 	1.52 	-1.01 	1.09 	1.09 	-0.62 	-0.55 	-0.71 	-0.13 	0.69 	1.15 	0.00 
-0.73 	-1.03 	-5.29 	-6.13 	0.64 	-0.96 	-2.90 	-2.67 	3.03 	5.04 	4.91 	-5.99 	3.34 	5.20 	-4.32 	-3.00 	-1.91 	0.51 	2.87 	3.98 	0.00 
-1.35 	-3.89 	-10.96 	-11.88 	4.37 	-1.34 	-4.56 	-5.82 	6.54 	10.93 	9.88 	-11.92 	7.47 	11.35 	-10.86 	-6.21 	-4.83 	1.80 	7.61 	8.20 	0.00 
-0.56 	-0.26 	-2.87 	-4.31 	1.78 	-2.31 	-2.35 	-1.35 	0.81 	3.83 	4.09 	-4.08 	3.11 	3.67 	-3.22 	-1.85 	-1.97 	-0.11 	2.17 	3.31 	0.00 
1.37 	1.33 	6.29 	8.93 	-4.47 	3.88 	4.04 	3.39 	-1.65 	-7.92 	-8.68 	7.70 	-7.13 	-7.96 	6.25 	4.08 	4.02 	0.79 	-4.73 	-6.94 	0.00 
-0.02 	0.44 	0.63 	0.72 	-0.96 	0.56 	0.74 	0.38 	0.00 	-1.89 	-2.29 	1.01 	-1.36 	-2.22 	0.47 	0.55 	0.25 	-1.28 	-0.88 	-1.34 	0.00 
0.00 	0.07 	0.10 	0.12 	-0.16 	0.09 	0.12 	0.06 	0.00 	-0.31 	-0.37 	0.17 	-0.22 	-0.36 	0.08 	0.09 	0.04 	-0.21 	-0.14 	-0.22 	0.00 
-0.03 	0.09 	0.13 	0.17 	-0.36 	0.13 	0.23 	0.09 	-0.04 	-0.33 	-0.38 	0.32 	-0.30 	-0.34 	0.20 	0.10 	0.01 	-0.24 	-0.23 	-0.29 	0.00 
-0.04 	0.07 	0.13 	0.19 	-0.38 	0.14 	0.23 	0.09 	-0.04 	-0.34 	-0.37 	0.33 	-0.30 	-0.38 	0.19 	0.12 	0.03 	-0.33 	-0.29 	-0.29 	0.00 
-0.02 	0.08 	0.10 	0.19 	-0.32 	0.15 	0.21 	-0.02 	-0.02 	-0.28 	-0.32 	0.30 	-0.25 	-0.33 	0.11 	0.11 	0.05 	-0.27 	-0.23 	-0.23 	0.00 
-1.60 	12.30 	4.80 	9.20 	-2.00 	4.10 	8.20 	-1.00 	3.00 	-3.10 	-2.80 	8.80 	-3.40 	-3.70 	0.20 	-0.60 	-1.20 	-1.90 	0.70 	-2.60 	0.00 
-0.21 	2.11 	0.96 	1.36 	-6.04 	1.52 	2.30 	0.00 	-1.23 	-4.81 	-4.68 	3.88 	-3.66 	-4.65 	0.75 	1.74 	0.78 	-3.32 	-1.01 	-3.50 	0.00 